PER-FACTOR vs STANDARD COUPLED | 2026-04-01 | 360 cond | 968.1 min

--- OVERALL ---
               method     m     sd
1  PerFactor: mean(z) 0.333 0.1780
2 PerFactor: combined 0.331 0.1686
3  Standard (coupled) 0.305 0.1955
4 PerFactor: prop_low 0.258 0.1432
5   PerFactor: min(z) 0.129 0.0571


--- BY ITEM BIN ---
  item_bin PerFactor: combined PerFactor: mean(z) PerFactor: min(z)
1      <30               0.160              0.149             0.106
2    30-60               0.251              0.256             0.109
3   60-100               0.324              0.326             0.133
4  100-200               0.501              0.508             0.161
5     >200               0.627              0.640             0.166
  PerFactor: prop_low Standard (coupled)
1               0.119              0.107
2               0.200              0.197
3               0.252              0.303
4               0.387              0.523
5               0.500              0.639


--- BY nF ---
  nF PerFactor: combined PerFactor: mean(z) PerFactor: min(z)
1  4               0.178              0.187            0.0922
2  6               0.219              0.217            0.0886
3  8               0.266              0.264            0.1159
4 10               0.280              0.286            0.1064
5 15               0.371              0.374            0.1320
6 20               0.408              0.411            0.1539
7 25               0.456              0.457            0.1716
8 30               0.465              0.467            0.1717
  PerFactor: prop_low Standard (coupled)
1               0.140              0.120
2               0.175              0.159
3               0.223              0.198
4               0.220              0.243
5               0.281              0.356
6               0.300              0.428
7               0.360              0.471
8               0.366              0.465


--- WINNER MAP ---
   nF ipf   std mean_z  min_z  comb  prop   winner   margin
1   4   3 0.104  0.145 0.1011 0.136 0.107  mean(z) 0.008540
2   4   6 0.113  0.172 0.0932 0.176 0.132 combined 0.004202
3   4  10 0.144  0.244 0.0822 0.223 0.181  mean(z) 0.020850
4   6   3 0.106  0.127 0.0848 0.147 0.115 combined 0.019301
5   6   6 0.141  0.225 0.0862 0.222 0.166  mean(z) 0.002457
6   6  10 0.229  0.298 0.0949 0.289 0.244  mean(z) 0.008476
7   8   3 0.103  0.152 0.1251 0.174 0.133 combined 0.021972
8   8   6 0.196  0.291 0.1213 0.282 0.262  mean(z) 0.009010
9   8  10 0.297  0.349 0.1013 0.342 0.274  mean(z) 0.007224
10 10   3 0.111  0.149 0.1263 0.167 0.110 combined 0.018034
11 10   6 0.246  0.293 0.1008 0.281 0.226  mean(z) 0.011512
12 10  10 0.372  0.417 0.0921 0.393 0.323  mean(z) 0.023273
13 15   3 0.205  0.227 0.1345 0.235 0.176 combined 0.008273
14 15   6 0.357  0.405 0.1428 0.384 0.284  mean(z) 0.020730
15 15  10 0.507  0.490 0.1188 0.494 0.384 Standard 0.012432
16 20   3 0.213  0.215 0.1457 0.222 0.148 combined 0.006983
17 20   6 0.435  0.412 0.1707 0.414 0.300 Standard 0.021282
18 20  10 0.634  0.605 0.1453 0.588 0.453 Standard 0.029133
19 25   3 0.235  0.224 0.1696 0.242 0.170 combined 0.007687
20 25   6 0.539  0.516 0.1883 0.502 0.408 Standard 0.022644
21 25  10 0.639  0.631 0.1567 0.623 0.502 Standard 0.008656
22 30   3 0.257  0.237 0.1567 0.257 0.209 combined 0.000709
23 30   6 0.500  0.514 0.1832 0.508 0.391  mean(z) 0.006359
24 30  10 0.639  0.650 0.1752 0.631 0.498  mean(z) 0.010799
