"nF","ipf","total_items","rep","alpha","beta","pattern","mcc_pattern_z15"
8,6,48,1,0,0.3,"clean",NA
8,6,48,1,0,0.3,"random",0.1386
8,6,48,1,0,0.3,"longstring",0.0873
8,6,48,1,0,0.3,"pure_straight",-0.2308
8,6,48,1,0,0.3,"acquiescent",0.125
8,6,48,1,0,0.3,"mixed",0.0885
8,6,48,1,0,0.5,"clean",NA
8,6,48,1,0,0.5,"random",0.1386
8,6,48,1,0,0.5,"longstring",0.0873
8,6,48,1,0,0.5,"pure_straight",-0.2308
8,6,48,1,0,0.5,"acquiescent",0.125
8,6,48,1,0,0.5,"mixed",0.0885
8,6,48,1,0,0.8,"clean",NA
8,6,48,1,0,0.8,"random",0.1386
8,6,48,1,0,0.8,"longstring",0.0873
8,6,48,1,0,0.8,"pure_straight",-0.2308
8,6,48,1,0,0.8,"acquiescent",0.125
8,6,48,1,0,0.8,"mixed",0.0885
8,6,48,1,0,1,"clean",NA
8,6,48,1,0,1,"random",0.1386
8,6,48,1,0,1,"longstring",0.0873
8,6,48,1,0,1,"pure_straight",-0.2308
8,6,48,1,0,1,"acquiescent",0.125
8,6,48,1,0,1,"mixed",0.0885
8,6,48,1,0,1.5,"clean",NA
8,6,48,1,0,1.5,"random",0.1386
8,6,48,1,0,1.5,"longstring",0.0873
8,6,48,1,0,1.5,"pure_straight",-0.2308
8,6,48,1,0,1.5,"acquiescent",0.125
8,6,48,1,0,1.5,"mixed",0.0885
8,6,48,1,0.5,0.3,"clean",NA
8,6,48,1,0.5,0.3,"random",0.1386
8,6,48,1,0.5,0.3,"longstring",0.0873
8,6,48,1,0.5,0.3,"pure_straight",-0.1244
8,6,48,1,0.5,0.3,"acquiescent",0.125
8,6,48,1,0.5,0.3,"mixed",0.0885
8,6,48,1,0.5,0.5,"clean",NA
8,6,48,1,0.5,0.5,"random",0.1375
8,6,48,1,0.5,0.5,"longstring",0.0861
8,6,48,1,0.5,0.5,"pure_straight",-0.1263
8,6,48,1,0.5,0.5,"acquiescent",0.1592
8,6,48,1,0.5,0.5,"mixed",0.0873
8,6,48,1,0.5,0.8,"clean",NA
8,6,48,1,0.5,0.8,"random",0.1342
8,6,48,1,0.5,0.8,"longstring",0.0827
8,6,48,1,0.5,0.8,"pure_straight",-0.1318
8,6,48,1,0.5,0.8,"acquiescent",0.1544
8,6,48,1,0.5,0.8,"mixed",0.0838
8,6,48,1,0.5,1,"clean",NA
8,6,48,1,0.5,1,"random",0.1342
8,6,48,1,0.5,1,"longstring",0.0827
8,6,48,1,0.5,1,"pure_straight",-0.1318
8,6,48,1,0.5,1,"acquiescent",0.1544
8,6,48,1,0.5,1,"mixed",0.0838
8,6,48,1,0.5,1.5,"clean",NA
8,6,48,1,0.5,1.5,"random",0.1267
8,6,48,1,0.5,1.5,"longstring",0.1267
8,6,48,1,0.5,1.5,"pure_straight",-0.1452
8,6,48,1,0.5,1.5,"acquiescent",0.1433
8,6,48,1,0.5,1.5,"mixed",0.0758
8,6,48,1,1,0.3,"clean",NA
8,6,48,1,1,0.3,"random",0.1386
8,6,48,1,1,0.3,"longstring",0.0873
8,6,48,1,1,0.3,"pure_straight",-0.0178
8,6,48,1,1,0.3,"acquiescent",0.125
8,6,48,1,1,0.3,"mixed",0.0885
8,6,48,1,1,0.5,"clean",NA
8,6,48,1,1,0.5,"random",0.1353
8,6,48,1,1,0.5,"longstring",0.0838
8,6,48,1,1,0.5,"pure_straight",-0.0232
8,6,48,1,1,0.5,"acquiescent",0.156
8,6,48,1,1,0.5,"mixed",0.085
8,6,48,1,1,0.8,"clean",NA
8,6,48,1,1,0.8,"random",0.1309
8,6,48,1,1,0.8,"longstring",0.0792
8,6,48,1,1,0.8,"pure_straight",-0.0304
8,6,48,1,1,0.8,"acquiescent",0.1496
8,6,48,1,1,0.8,"mixed",0.0803
8,6,48,1,1,1,"clean",NA
8,6,48,1,1,1,"random",0.1235
8,6,48,1,1,1,"longstring",0.1235
8,6,48,1,1,1,"pure_straight",-0.0434
8,6,48,1,1,1,"acquiescent",0.1386
8,6,48,1,1,1,"mixed",0.0723
8,6,48,1,1,1.5,"clean",NA
8,6,48,1,1,1.5,"random",0.1134
8,6,48,1,1,1.5,"longstring",0.1134
8,6,48,1,1,1.5,"pure_straight",-0.0627
8,6,48,1,1,1.5,"acquiescent",0.1232
8,6,48,1,1,1.5,"mixed",0.0609
8,6,48,1,1.5,0.3,"clean",NA
8,6,48,1,1.5,0.3,"random",0.1386
8,6,48,1,1.5,0.3,"longstring",0.0873
8,6,48,1,1.5,0.3,"pure_straight",-0.0178
8,6,48,1,1.5,0.3,"acquiescent",0.1609
8,6,48,1,1.5,0.3,"mixed",0.0885
8,6,48,1,1.5,0.5,"clean",NA
8,6,48,1,1.5,0.5,"random",0.1353
8,6,48,1,1.5,0.5,"longstring",0.0838
8,6,48,1,1.5,0.5,"pure_straight",-0.0232
8,6,48,1,1.5,0.5,"acquiescent",0.156
8,6,48,1,1.5,0.5,"mixed",0.085
8,6,48,1,1.5,0.8,"clean",NA
8,6,48,1,1.5,0.8,"random",0.1288
8,6,48,1,1.5,0.8,"longstring",0.1288
8,6,48,1,1.5,0.8,"pure_straight",-0.0341
8,6,48,1,1.5,0.8,"acquiescent",0.1464
8,6,48,1,1.5,0.8,"mixed",0.078
8,6,48,1,1.5,1,"clean",NA
8,6,48,1,1.5,1,"random",0.1184
8,6,48,1,1.5,1,"longstring",0.1184
8,6,48,1,1.5,1,"pure_straight",-0.0529
8,6,48,1,1.5,1,"acquiescent",0.1309
8,6,48,1,1.5,1,"mixed",0.0666
8,6,48,1,1.5,1.5,"clean",NA
8,6,48,1,1.5,1.5,"random",0.1046
8,6,48,1,1.5,1.5,"longstring",0.1046
8,6,48,1,1.5,1.5,"pure_straight",-0.0812
8,6,48,1,1.5,1.5,"acquiescent",0.1094
8,6,48,1,1.5,1.5,"mixed",0.0506
8,6,48,1,2,0.3,"clean",NA
8,6,48,1,2,0.3,"random",0.1386
8,6,48,1,2,0.3,"longstring",0.0873
8,6,48,1,2,0.3,"pure_straight",0.1968
8,6,48,1,2,0.3,"acquiescent",0.1609
8,6,48,1,2,0.3,"mixed",0.0885
8,6,48,1,2,0.5,"clean",NA
8,6,48,1,2,0.5,"random",0.1342
8,6,48,1,2,0.5,"longstring",0.0827
8,6,48,1,2,0.5,"pure_straight",0.1905
8,6,48,1,2,0.5,"acquiescent",0.1544
8,6,48,1,2,0.5,"mixed",0.0838
8,6,48,1,2,0.8,"clean",NA
8,6,48,1,2,0.8,"random",0.1215
8,6,48,1,2,0.8,"longstring",0.1215
8,6,48,1,2,0.8,"pure_straight",0.1725
8,6,48,1,2,0.8,"acquiescent",0.1355
8,6,48,1,2,0.8,"mixed",0.0701
8,6,48,1,2,1,"clean",NA
8,6,48,1,2,1,"random",0.1124
8,6,48,1,2,1,"longstring",0.1124
8,6,48,1,2,1,"pure_straight",0.1595
8,6,48,1,2,1,"acquiescent",0.1216
8,6,48,1,2,1,"mixed",0.0598
8,6,48,1,2,1.5,"clean",NA
8,6,48,1,2,1.5,"random",0.094
8,6,48,1,2,1.5,"longstring",0.094
8,6,48,1,2,1.5,"pure_straight",0.1332
8,6,48,1,2,1.5,"acquiescent",0.0924
8,6,48,1,2,1.5,"mixed",0.0375
8,6,48,1,2.5,0.3,"clean",NA
8,6,48,1,2.5,0.3,"random",0.1386
8,6,48,1,2.5,0.3,"longstring",0.0873
8,6,48,1,2.5,0.3,"pure_straight",0.1968
8,6,48,1,2.5,0.3,"acquiescent",0.1609
8,6,48,1,2.5,0.3,"mixed",0.0885
8,6,48,1,2.5,0.5,"clean",NA
8,6,48,1,2.5,0.5,"random",0.1342
8,6,48,1,2.5,0.5,"longstring",0.0827
8,6,48,1,2.5,0.5,"pure_straight",0.1905
8,6,48,1,2.5,0.5,"acquiescent",0.1544
8,6,48,1,2.5,0.5,"mixed",0.0838
8,6,48,1,2.5,0.8,"clean",NA
8,6,48,1,2.5,0.8,"random",0.1174
8,6,48,1,2.5,0.8,"longstring",0.1174
8,6,48,1,2.5,0.8,"pure_straight",0.1667
8,6,48,1,2.5,0.8,"acquiescent",0.1293
8,6,48,1,2.5,0.8,"mixed",0.0655
8,6,48,1,2.5,1,"clean",NA
8,6,48,1,2.5,1,"random",0.1065
8,6,48,1,2.5,1,"longstring",0.1065
8,6,48,1,2.5,1,"pure_straight",0.1511
8,6,48,1,2.5,1,"acquiescent",0.1125
8,6,48,1,2.5,1,"mixed",0.0529
8,6,48,1,2.5,1.5,"clean",NA
8,6,48,1,2.5,1.5,"random",0.0892
8,6,48,1,2.5,1.5,"longstring",0.0892
8,6,48,1,2.5,1.5,"pure_straight",0.1264
8,6,48,1,2.5,1.5,"acquiescent",0.0845
8,6,48,1,2.5,1.5,"mixed",0.0892
8,6,48,1,3,0.3,"clean",NA
8,6,48,1,3,0.3,"random",0.1386
8,6,48,1,3,0.3,"longstring",0.0873
8,6,48,1,3,0.3,"pure_straight",0.1968
8,6,48,1,3,0.3,"acquiescent",0.1609
8,6,48,1,3,0.3,"mixed",0.0885
8,6,48,1,3,0.5,"clean",NA
8,6,48,1,3,0.5,"random",0.1342
8,6,48,1,3,0.5,"longstring",0.0827
8,6,48,1,3,0.5,"pure_straight",0.1905
8,6,48,1,3,0.5,"acquiescent",0.1544
8,6,48,1,3,0.5,"mixed",0.0838
8,6,48,1,3,0.8,"clean",NA
8,6,48,1,3,0.8,"random",0.1134
8,6,48,1,3,0.8,"longstring",0.1134
8,6,48,1,3,0.8,"pure_straight",0.1609
8,6,48,1,3,0.8,"acquiescent",0.1232
8,6,48,1,3,0.8,"mixed",0.0609
8,6,48,1,3,1,"clean",NA
8,6,48,1,3,1,"random",0.1017
8,6,48,1,3,1,"longstring",0.1017
8,6,48,1,3,1,"pure_straight",0.1442
8,6,48,1,3,1,"acquiescent",0.1048
8,6,48,1,3,1,"mixed",0.0471
8,6,48,1,3,1.5,"clean",NA
8,6,48,1,3,1.5,"random",0.0816
8,6,48,1,3,1.5,"longstring",0.0816
8,6,48,1,3,1.5,"pure_straight",0.1154
8,6,48,1,3,1.5,"acquiescent",0.1154
8,6,48,1,3,1.5,"mixed",0.0816
8,6,48,2,0,0.3,"clean",NA
8,6,48,2,0,0.3,"random",0.1525
8,6,48,2,0,0.3,"longstring",0.1537
8,6,48,2,0,0.3,"pure_straight",-0.0657
8,6,48,2,0,0.3,"acquiescent",0.1118
8,6,48,2,0,0.3,"mixed",0.0521
8,6,48,2,0,0.5,"clean",NA
8,6,48,2,0,0.5,"random",0.1525
8,6,48,2,0,0.5,"longstring",0.1537
8,6,48,2,0,0.5,"pure_straight",-0.0657
8,6,48,2,0,0.5,"acquiescent",0.1118
8,6,48,2,0,0.5,"mixed",0.0521
8,6,48,2,0,0.8,"clean",NA
8,6,48,2,0,0.8,"random",0.1525
8,6,48,2,0,0.8,"longstring",0.1537
8,6,48,2,0,0.8,"pure_straight",-0.0657
8,6,48,2,0,0.8,"acquiescent",0.1118
8,6,48,2,0,0.8,"mixed",0.0521
8,6,48,2,0,1,"clean",NA
8,6,48,2,0,1,"random",0.1525
8,6,48,2,0,1,"longstring",0.1537
8,6,48,2,0,1,"pure_straight",-0.0657
8,6,48,2,0,1,"acquiescent",0.1118
8,6,48,2,0,1,"mixed",0.0521
8,6,48,2,0,1.5,"clean",NA
8,6,48,2,0,1.5,"random",0.1525
8,6,48,2,0,1.5,"longstring",0.1537
8,6,48,2,0,1.5,"pure_straight",-0.0657
8,6,48,2,0,1.5,"acquiescent",0.1118
8,6,48,2,0,1.5,"mixed",0.0521
8,6,48,2,0.5,0.3,"clean",NA
8,6,48,2,0.5,0.3,"random",0.1525
8,6,48,2,0.5,0.3,"longstring",0.1537
8,6,48,2,0.5,0.3,"pure_straight",0.2183
8,6,48,2,0.5,0.3,"acquiescent",0.1118
8,6,48,2,0.5,0.3,"mixed",0.0521
8,6,48,2,0.5,0.5,"clean",NA
8,6,48,2,0.5,0.5,"random",0.1501
8,6,48,2,0.5,0.5,"longstring",0.1513
8,6,48,2,0.5,0.5,"pure_straight",0.2149
8,6,48,2,0.5,0.5,"acquiescent",0.1083
8,6,48,2,0.5,0.5,"mixed",0.0496
8,6,48,2,0.5,0.8,"clean",NA
8,6,48,2,0.5,0.8,"random",0.1431
8,6,48,2,0.5,0.8,"longstring",0.1442
8,6,48,2,0.5,0.8,"pure_straight",0.2049
8,6,48,2,0.5,0.8,"acquiescent",0.1334
8,6,48,2,0.5,0.8,"mixed",0.0422
8,6,48,2,0.5,1,"clean",NA
8,6,48,2,0.5,1,"random",0.1397
8,6,48,2,0.5,1,"longstring",0.1408
8,6,48,2,0.5,1,"pure_straight",0.2
8,6,48,2,0.5,1,"acquiescent",0.1284
8,6,48,2,0.5,1,"mixed",0.0386
8,6,48,2,0.5,1.5,"clean",NA
8,6,48,2,0.5,1.5,"random",0.1342
8,6,48,2,0.5,1.5,"longstring",0.1353
8,6,48,2,0.5,1.5,"pure_straight",0.1921
8,6,48,2,0.5,1.5,"acquiescent",0.12
8,6,48,2,0.5,1.5,"mixed",0.0325
8,6,48,2,1,0.3,"clean",NA
8,6,48,2,1,0.3,"random",0.1525
8,6,48,2,1,0.3,"longstring",0.1537
8,6,48,2,1,0.3,"pure_straight",0.2183
8,6,48,2,1,0.3,"acquiescent",0.1118
8,6,48,2,1,0.3,"mixed",0.0521
8,6,48,2,1,0.5,"clean",NA
8,6,48,2,1,0.5,"random",0.1477
8,6,48,2,1,0.5,"longstring",0.1489
8,6,48,2,1,0.5,"pure_straight",0.2115
8,6,48,2,1,0.5,"acquiescent",0.1403
8,6,48,2,1,0.5,"mixed",0.0471
8,6,48,2,1,0.8,"clean",NA
8,6,48,2,1,0.8,"random",0.1363
8,6,48,2,1,0.8,"longstring",0.1375
8,6,48,2,1,0.8,"pure_straight",0.1952
8,6,48,2,1,0.8,"acquiescent",0.1233
8,6,48,2,1,0.8,"mixed",0.0349
8,6,48,2,1,1,"clean",NA
8,6,48,2,1,1,"random",0.1331
8,6,48,2,1,1,"longstring",0.1342
8,6,48,2,1,1,"pure_straight",0.1905
8,6,48,2,1,1,"acquiescent",0.1544
8,6,48,2,1,1,"mixed",0.0313
8,6,48,2,1,1.5,"clean",NA
8,6,48,2,1,1.5,"random",0.1184
8,6,48,2,1,1.5,"longstring",0.1194
8,6,48,2,1,1.5,"pure_straight",0.1696
8,6,48,2,1,1.5,"acquiescent",0.1324
8,6,48,2,1,1.5,"mixed",0.0141
8,6,48,2,1.5,0.3,"clean",NA
8,6,48,2,1.5,0.3,"random",0.1525
8,6,48,2,1.5,0.3,"longstring",0.1537
8,6,48,2,1.5,0.3,"pure_straight",0.2183
8,6,48,2,1.5,0.3,"acquiescent",0.1118
8,6,48,2,1.5,0.3,"mixed",0.0521
8,6,48,2,1.5,0.5,"clean",NA
8,6,48,2,1.5,0.5,"random",0.1454
8,6,48,2,1.5,0.5,"longstring",0.1466
8,6,48,2,1.5,0.5,"pure_straight",0.2082
8,6,48,2,1.5,0.5,"acquiescent",0.1369
8,6,48,2,1.5,0.5,"mixed",0.0447
8,6,48,2,1.5,0.8,"clean",NA
8,6,48,2,1.5,0.8,"random",0.1342
8,6,48,2,1.5,0.8,"longstring",0.1353
8,6,48,2,1.5,0.8,"pure_straight",0.1921
8,6,48,2,1.5,0.8,"acquiescent",0.156
8,6,48,2,1.5,0.8,"mixed",0.0325
8,6,48,2,1.5,1,"clean",NA
8,6,48,2,1.5,1,"random",0.1235
8,6,48,2,1.5,1,"longstring",0.1246
8,6,48,2,1.5,1,"pure_straight",0.1769
8,6,48,2,1.5,1,"acquiescent",0.1402
8,6,48,2,1.5,1,"mixed",0.0203
8,6,48,2,1.5,1.5,"clean",NA
8,6,48,2,1.5,1.5,"random",0.1017
8,6,48,2,1.5,1.5,"longstring",0.1026
8,6,48,2,1.5,1.5,"pure_straight",0.1456
8,6,48,2,1.5,1.5,"acquiescent",0.1063
8,6,48,2,1.5,1.5,"mixed",0.0471
8,6,48,2,2,0.3,"clean",NA
8,6,48,2,2,0.3,"random",0.1525
8,6,48,2,2,0.3,"longstring",0.1537
8,6,48,2,2,0.3,"pure_straight",0.2183
8,6,48,2,2,0.3,"acquiescent",0.1118
8,6,48,2,2,0.3,"mixed",0.0521
8,6,48,2,2,0.5,"clean",NA
8,6,48,2,2,0.5,"random",0.1454
8,6,48,2,2,0.5,"longstring",0.1466
8,6,48,2,2,0.5,"pure_straight",0.2082
8,6,48,2,2,0.5,"acquiescent",0.1369
8,6,48,2,2,0.5,"mixed",0.0447
8,6,48,2,2,0.8,"clean",NA
8,6,48,2,2,0.8,"random",0.1277
8,6,48,2,2,0.8,"longstring",0.1288
8,6,48,2,2,0.8,"pure_straight",0.1829
8,6,48,2,2,0.8,"acquiescent",0.1464
8,6,48,2,2,0.8,"mixed",0.0252
8,6,48,2,2,1,"clean",NA
8,6,48,2,2,1,"random",0.1144
8,6,48,2,2,1,"longstring",0.1154
8,6,48,2,2,1,"pure_straight",0.1638
8,6,48,2,2,1,"acquiescent",0.1262
8,6,48,2,2,1,"mixed",0.009
8,6,48,2,2,1.5,"clean",NA
8,6,48,2,2,1.5,"random",0.0911
8,6,48,2,2,1.5,"longstring",0.0921
8,6,48,2,2,1.5,"pure_straight",0.1305
8,6,48,2,2,1.5,"acquiescent",0.0892
8,6,48,2,2,1.5,"mixed",0.0921
8,6,48,2,2.5,0.3,"clean",NA
8,6,48,2,2.5,0.3,"random",0.1525
8,6,48,2,2.5,0.3,"longstring",0.1537
8,6,48,2,2.5,0.3,"pure_straight",0.2183
8,6,48,2,2.5,0.3,"acquiescent",0.1118
8,6,48,2,2.5,0.3,"mixed",0.0521
8,6,48,2,2.5,0.5,"clean",NA
8,6,48,2,2.5,0.5,"random",0.1419
8,6,48,2,2.5,0.5,"longstring",0.1431
8,6,48,2,2.5,0.5,"pure_straight",0.2032
8,6,48,2,2.5,0.5,"acquiescent",0.1675
8,6,48,2,2.5,0.5,"mixed",0.041
8,6,48,2,2.5,0.8,"clean",NA
8,6,48,2,2.5,0.8,"random",0.1235
8,6,48,2,2.5,0.8,"longstring",0.1246
8,6,48,2,2.5,0.8,"pure_straight",0.1769
8,6,48,2,2.5,0.8,"acquiescent",0.1402
8,6,48,2,2.5,0.8,"mixed",0.0203
8,6,48,2,2.5,1,"clean",NA
8,6,48,2,2.5,1,"random",0.1065
8,6,48,2,2.5,1,"longstring",0.1075
8,6,48,2,2.5,1,"pure_straight",0.1525
8,6,48,2,2.5,1,"acquiescent",0.114
8,6,48,2,2.5,1,"mixed",-0.0013
8,6,48,2,2.5,1.5,"clean",NA
8,6,48,2,2.5,1.5,"random",0.0844
8,6,48,2,2.5,1.5,"longstring",0.0844
8,6,48,2,2.5,1.5,"pure_straight",0.1209
8,6,48,2,2.5,1.5,"acquiescent",0.1209
8,6,48,2,2.5,1.5,"mixed",0.0854
8,6,48,2,3,0.3,"clean",NA
8,6,48,2,3,0.3,"random",0.1513
8,6,48,2,3,0.3,"longstring",0.1525
8,6,48,2,3,0.3,"pure_straight",0.2166
8,6,48,2,3,0.3,"acquiescent",0.1455
8,6,48,2,3,0.3,"mixed",0.0508
8,6,48,2,3,0.5,"clean",NA
8,6,48,2,3,0.5,"random",0.1397
8,6,48,2,3,0.5,"longstring",0.1408
8,6,48,2,3,0.5,"pure_straight",0.2
8,6,48,2,3,0.5,"acquiescent",0.1641
8,6,48,2,3,0.5,"mixed",0.0386
8,6,48,2,3,0.8,"clean",NA
8,6,48,2,3,0.8,"random",0.1164
8,6,48,2,3,0.8,"longstring",0.1174
8,6,48,2,3,0.8,"pure_straight",0.1667
8,6,48,2,3,0.8,"acquiescent",0.1293
8,6,48,2,3,0.8,"mixed",0.0116
8,6,48,2,3,1,"clean",NA
8,6,48,2,3,1,"random",0.0969
8,6,48,2,3,1,"longstring",0.0978
8,6,48,2,3,1,"pure_straight",0.1387
8,6,48,2,3,1,"acquiescent",0.1387
8,6,48,2,3,1,"mixed",0.0412
8,6,48,2,3,1.5,"clean",NA
8,6,48,2,3,1.5,"random",0.0738
8,6,48,2,3,1.5,"longstring",0.0738
8,6,48,2,3,1.5,"pure_straight",0.1057
8,6,48,2,3,1.5,"acquiescent",0.1057
8,6,48,2,3,1.5,"mixed",0.0738
8,6,48,3,0,0.3,"clean",NA
8,6,48,3,0,0.3,"random",0.1277
8,6,48,3,0,0.3,"longstring",0.0615
8,6,48,3,0,0.3,"pure_straight",-0.248
8,6,48,3,0,0.3,"acquiescent",-0.0341
8,6,48,3,0,0.3,"mixed",0.1164
8,6,48,3,0,0.5,"clean",NA
8,6,48,3,0,0.5,"random",0.1277
8,6,48,3,0,0.5,"longstring",0.0615
8,6,48,3,0,0.5,"pure_straight",-0.248
8,6,48,3,0,0.5,"acquiescent",-0.0341
8,6,48,3,0,0.5,"mixed",0.1164
8,6,48,3,0,0.8,"clean",NA
8,6,48,3,0,0.8,"random",0.1277
8,6,48,3,0,0.8,"longstring",0.0615
8,6,48,3,0,0.8,"pure_straight",-0.248
8,6,48,3,0,0.8,"acquiescent",-0.0341
8,6,48,3,0,0.8,"mixed",0.1164
8,6,48,3,0,1,"clean",NA
8,6,48,3,0,1,"random",0.1277
8,6,48,3,0,1,"longstring",0.0615
8,6,48,3,0,1,"pure_straight",-0.248
8,6,48,3,0,1,"acquiescent",-0.0341
8,6,48,3,0,1,"mixed",0.1164
8,6,48,3,0,1.5,"clean",NA
8,6,48,3,0,1.5,"random",0.1277
8,6,48,3,0,1.5,"longstring",0.0615
8,6,48,3,0,1.5,"pure_straight",-0.248
8,6,48,3,0,1.5,"acquiescent",-0.0341
8,6,48,3,0,1.5,"mixed",0.1164
8,6,48,3,0.5,0.3,"clean",NA
8,6,48,3,0.5,0.3,"random",0.1277
8,6,48,3,0.5,0.3,"longstring",0.0615
8,6,48,3,0.5,0.3,"pure_straight",-0.0699
8,6,48,3,0.5,0.3,"acquiescent",-0.0341
8,6,48,3,0.5,0.3,"mixed",0.1164
8,6,48,3,0.5,0.5,"clean",NA
8,6,48,3,0.5,0.5,"random",0.1277
8,6,48,3,0.5,0.5,"longstring",0.0615
8,6,48,3,0.5,0.5,"pure_straight",-0.0699
8,6,48,3,0.5,0.5,"acquiescent",0.0018
8,6,48,3,0.5,0.5,"mixed",0.1164
8,6,48,3,0.5,0.8,"clean",NA
8,6,48,3,0.5,0.8,"random",0.1256
8,6,48,3,0.5,0.8,"longstring",0.0594
8,6,48,3,0.5,0.8,"pure_straight",-0.0737
8,6,48,3,0.5,0.8,"acquiescent",-0.0018
8,6,48,3,0.5,0.8,"mixed",0.1144
8,6,48,3,0.5,1,"clean",NA
8,6,48,3,0.5,1,"random",0.1194
8,6,48,3,0.5,1,"longstring",0.053
8,6,48,3,0.5,1,"pure_straight",-0.0852
8,6,48,3,0.5,1,"acquiescent",-0.0127
8,6,48,3,0.5,1,"mixed",0.1088
8,6,48,3,0.5,1.5,"clean",NA
8,6,48,3,0.5,1.5,"random",0.1094
8,6,48,3,0.5,1.5,"longstring",0.1006
8,6,48,3,0.5,1.5,"pure_straight",-0.1056
8,6,48,3,0.5,1.5,"acquiescent",-0.0316
8,6,48,3,0.5,1.5,"mixed",0.0997
8,6,48,3,1,0.3,"clean",NA
8,6,48,3,1,0.3,"random",0.1277
8,6,48,3,1,0.3,"longstring",0.0615
8,6,48,3,1,0.3,"pure_straight",0.1464
8,6,48,3,1,0.3,"acquiescent",0.0018
8,6,48,3,1,0.3,"mixed",0.1164
8,6,48,3,1,0.5,"clean",NA
8,6,48,3,1,0.5,"random",0.1267
8,6,48,3,1,0.5,"longstring",0.1173
8,6,48,3,1,0.5,"pure_straight",0.1449
8,6,48,3,1,0.5,"acquiescent",0
8,6,48,3,1,0.5,"mixed",0.1154
8,6,48,3,1,0.8,"clean",NA
8,6,48,3,1,0.8,"random",0.1164
8,6,48,3,1,0.8,"longstring",0.1079
8,6,48,3,1,0.8,"pure_straight",0.1293
8,6,48,3,1,0.8,"acquiescent",0.0183
8,6,48,3,1,0.8,"mixed",0.106
8,6,48,3,1,1,"clean",NA
8,6,48,3,1,1,"random",0.1094
8,6,48,3,1,1,"longstring",0.1006
8,6,48,3,1,1,"pure_straight",0.1186
8,6,48,3,1,1,"acquiescent",0.043
8,6,48,3,1,1,"mixed",0.0997
8,6,48,3,1,1.5,"clean",NA
8,6,48,3,1,1.5,"random",0.0997
8,6,48,3,1,1.5,"longstring",0.0909
8,6,48,3,1,1.5,"pure_straight",0.1033
8,6,48,3,1,1.5,"acquiescent",0.0251
8,6,48,3,1,1.5,"mixed",0.0909
8,6,48,3,1.5,0.3,"clean",NA
8,6,48,3,1.5,0.3,"random",0.1277
8,6,48,3,1.5,0.3,"longstring",0.0615
8,6,48,3,1.5,0.3,"pure_straight",0.1829
8,6,48,3,1.5,0.3,"acquiescent",0.0018
8,6,48,3,1.5,0.3,"mixed",0.1164
8,6,48,3,1.5,0.5,"clean",NA
8,6,48,3,1.5,0.5,"random",0.1267
8,6,48,3,1.5,0.5,"longstring",0.1173
8,6,48,3,1.5,0.5,"pure_straight",0.1814
8,6,48,3,1.5,0.5,"acquiescent",0
8,6,48,3,1.5,0.5,"mixed",0.1154
8,6,48,3,1.5,0.8,"clean",NA
8,6,48,3,1.5,0.8,"random",0.1114
8,6,48,3,1.5,0.8,"longstring",0.1024
8,6,48,3,1.5,0.8,"pure_straight",0.1595
8,6,48,3,1.5,0.8,"acquiescent",0.0465
8,6,48,3,1.5,0.8,"mixed",0.1015
8,6,48,3,1.5,1,"clean",NA
8,6,48,3,1.5,1,"random",0.1055
8,6,48,3,1.5,1,"longstring",0.097
8,6,48,3,1.5,1,"pure_straight",0.1511
8,6,48,3,1.5,1,"acquiescent",0.036
8,6,48,3,1.5,1,"mixed",0.0961
8,6,48,3,1.5,1.5,"clean",NA
8,6,48,3,1.5,1.5,"random",0.0902
8,6,48,3,1.5,1.5,"longstring",0.0821
8,6,48,3,1.5,1.5,"pure_straight",0.1291
8,6,48,3,1.5,1.5,"acquiescent",0.0466
8,6,48,3,1.5,1.5,"mixed",0.0821
8,6,48,3,2,0.3,"clean",NA
8,6,48,3,2,0.3,"random",0.1277
8,6,48,3,2,0.3,"longstring",0.1183
8,6,48,3,2,0.3,"pure_straight",0.1829
8,6,48,3,2,0.3,"acquiescent",0.0018
8,6,48,3,2,0.3,"mixed",0.1164
8,6,48,3,2,0.5,"clean",NA
8,6,48,3,2,0.5,"random",0.1267
8,6,48,3,2,0.5,"longstring",0.1173
8,6,48,3,2,0.5,"pure_straight",0.1814
8,6,48,3,2,0.5,"acquiescent",0.0722
8,6,48,3,2,0.5,"mixed",0.1154
8,6,48,3,2,0.8,"clean",NA
8,6,48,3,2,0.8,"random",0.1075
8,6,48,3,2,0.8,"longstring",0.0988
8,6,48,3,2,0.8,"pure_straight",0.1539
8,6,48,3,2,0.8,"acquiescent",0.0774
8,6,48,3,2,0.8,"mixed",0.0979
8,6,48,3,2,1,"clean",NA
8,6,48,3,2,1,"random",0.0978
8,6,48,3,2,1,"longstring",0.0891
8,6,48,3,2,1,"pure_straight",0.14
8,6,48,3,2,1,"acquiescent",0.0606
8,6,48,3,2,1,"mixed",0.0891
8,6,48,3,2,1.5,"clean",NA
8,6,48,3,2,1.5,"random",0.0816
8,6,48,3,2,1.5,"longstring",0.0743
8,6,48,3,2,1.5,"pure_straight",0.1168
8,6,48,3,2,1.5,"acquiescent",0.0299
8,6,48,3,2,1.5,"mixed",0.0743
8,6,48,3,2.5,0.3,"clean",NA
8,6,48,3,2.5,0.3,"random",0.1277
8,6,48,3,2.5,0.3,"longstring",0.1183
8,6,48,3,2.5,0.3,"pure_straight",0.1829
8,6,48,3,2.5,0.3,"acquiescent",0.0018
8,6,48,3,2.5,0.3,"mixed",0.1164
8,6,48,3,2.5,0.5,"clean",NA
8,6,48,3,2.5,0.5,"random",0.1235
8,6,48,3,2.5,0.5,"longstring",0.1144
8,6,48,3,2.5,0.5,"pure_straight",0.1769
8,6,48,3,2.5,0.5,"acquiescent",0.0671
8,6,48,3,2.5,0.5,"mixed",0.1126
8,6,48,3,2.5,0.8,"clean",NA
8,6,48,3,2.5,0.8,"random",0.1065
8,6,48,3,2.5,0.8,"longstring",0.0979
8,6,48,3,2.5,0.8,"pure_straight",0.1525
8,6,48,3,2.5,0.8,"acquiescent",0.0758
8,6,48,3,2.5,0.8,"mixed",0.097
8,6,48,3,2.5,1,"clean",NA
8,6,48,3,2.5,1,"random",0.093
8,6,48,3,2.5,1,"longstring",0.0848
8,6,48,3,2.5,1,"pure_straight",0.1332
8,6,48,3,2.5,1,"acquiescent",0.052
8,6,48,3,2.5,1,"mixed",0.0848
8,6,48,3,2.5,1.5,"clean",NA
8,6,48,3,2.5,1.5,"random",0.0688
8,6,48,3,2.5,1.5,"longstring",0.0627
8,6,48,3,2.5,1.5,"pure_straight",0.0986
8,6,48,3,2.5,1.5,"acquiescent",0.05
8,6,48,3,2.5,1.5,"mixed",0.0627
8,6,48,3,3,0.3,"clean",NA
8,6,48,3,3,0.3,"random",0.1277
8,6,48,3,3,0.3,"longstring",0.1183
8,6,48,3,3,0.3,"pure_straight",0.1829
8,6,48,3,3,0.3,"acquiescent",0.0018
8,6,48,3,3,0.3,"mixed",0.1164
8,6,48,3,3,0.5,"clean",NA
8,6,48,3,3,0.5,"random",0.1205
8,6,48,3,3,0.5,"longstring",0.1116
8,6,48,3,3,0.5,"pure_straight",0.1725
8,6,48,3,3,0.5,"acquiescent",0.062
8,6,48,3,3,0.5,"mixed",0.1097
8,6,48,3,3,0.8,"clean",NA
8,6,48,3,3,0.8,"random",0.1026
8,6,48,3,3,0.8,"longstring",0.0944
8,6,48,3,3,0.8,"pure_straight",0.1469
8,6,48,3,3,0.8,"acquiescent",0.0691
8,6,48,3,3,0.8,"mixed",0.0935
8,6,48,3,3,1,"clean",NA
8,6,48,3,3,1,"random",0.0892
8,6,48,3,3,1,"longstring",0.0813
8,6,48,3,3,1,"pure_straight",0.1277
8,6,48,3,3,1,"acquiescent",0.0861
8,6,48,3,3,1,"mixed",0.0813
8,6,48,3,3,1.5,"clean",NA
8,6,48,3,3,1.5,"random",0.0658
8,6,48,3,3,1.5,"longstring",0.06
8,6,48,3,3,1.5,"pure_straight",0.0942
8,6,48,3,3,1.5,"acquiescent",0.0442
8,6,48,3,3,1.5,"mixed",0.06
8,6,48,4,0,0.3,"clean",NA
8,6,48,4,0,0.3,"random",0.0827
8,6,48,4,0,0.3,"longstring",0.0325
8,6,48,4,0,0.3,"pure_straight",-0.2009
8,6,48,4,0,0.3,"acquiescent",-0.0232
8,6,48,4,0,0.3,"mixed",0.1353
8,6,48,4,0,0.5,"clean",NA
8,6,48,4,0,0.5,"random",0.0827
8,6,48,4,0,0.5,"longstring",0.0325
8,6,48,4,0,0.5,"pure_straight",-0.2009
8,6,48,4,0,0.5,"acquiescent",-0.0232
8,6,48,4,0,0.5,"mixed",0.1353
8,6,48,4,0,0.8,"clean",NA
8,6,48,4,0,0.8,"random",0.0827
8,6,48,4,0,0.8,"longstring",0.0325
8,6,48,4,0,0.8,"pure_straight",-0.2009
8,6,48,4,0,0.8,"acquiescent",-0.0232
8,6,48,4,0,0.8,"mixed",0.1353
8,6,48,4,0,1,"clean",NA
8,6,48,4,0,1,"random",0.0827
8,6,48,4,0,1,"longstring",0.0325
8,6,48,4,0,1,"pure_straight",-0.2009
8,6,48,4,0,1,"acquiescent",-0.0232
8,6,48,4,0,1,"mixed",0.1353
8,6,48,4,0,1.5,"clean",NA
8,6,48,4,0,1.5,"random",0.0827
8,6,48,4,0,1.5,"longstring",0.0325
8,6,48,4,0,1.5,"pure_straight",-0.2009
8,6,48,4,0,1.5,"acquiescent",-0.0232
8,6,48,4,0,1.5,"mixed",0.1353
8,6,48,4,0.5,0.3,"clean",NA
8,6,48,4,0.5,0.3,"random",0.0827
8,6,48,4,0.5,0.3,"longstring",0.0325
8,6,48,4,0.5,0.3,"pure_straight",-0.2009
8,6,48,4,0.5,0.3,"acquiescent",-0.0232
8,6,48,4,0.5,0.3,"mixed",0.1353
8,6,48,4,0.5,0.5,"clean",NA
8,6,48,4,0.5,0.5,"random",0.0792
8,6,48,4,0.5,0.5,"longstring",0.0803
8,6,48,4,0.5,0.5,"pure_straight",-0.2066
8,6,48,4,0.5,0.5,"acquiescent",-0.0286
8,6,48,4,0.5,0.5,"mixed",0.132
8,6,48,4,0.5,0.8,"clean",NA
8,6,48,4,0.5,0.8,"random",0.0746
8,6,48,4,0.5,0.8,"longstring",0.0758
8,6,48,4,0.5,0.8,"pure_straight",-0.2145
8,6,48,4,0.5,0.8,"acquiescent",0.036
8,6,48,4,0.5,0.8,"mixed",0.1277
8,6,48,4,0.5,1,"clean",NA
8,6,48,4,0.5,1,"random",0.0712
8,6,48,4,0.5,1,"longstring",0.0723
8,6,48,4,0.5,1,"pure_straight",-0.2205
8,6,48,4,0.5,1,"acquiescent",0.0308
8,6,48,4,0.5,1,"mixed",0.1235
8,6,48,4,0.5,1.5,"clean",NA
8,6,48,4,0.5,1.5,"random",0.0552
8,6,48,4,0.5,1.5,"longstring",0.0564
8,6,48,4,0.5,1.5,"pure_straight",-0.2514
8,6,48,4,0.5,1.5,"acquiescent",0.0056
8,6,48,4,0.5,1.5,"mixed",0.1094
8,6,48,4,1,0.3,"clean",NA
8,6,48,4,1,0.3,"random",0.0815
8,6,48,4,1,0.3,"longstring",0.0827
8,6,48,4,1,0.3,"pure_straight",-0.2028
8,6,48,4,1,0.3,"acquiescent",-0.025
8,6,48,4,1,0.3,"mixed",0.1342
8,6,48,4,1,0.5,"clean",NA
8,6,48,4,1,0.5,"random",0.078
8,6,48,4,1,0.5,"longstring",0.0792
8,6,48,4,1,0.5,"pure_straight",-0.2086
8,6,48,4,1,0.5,"acquiescent",0.0413
8,6,48,4,1,0.5,"mixed",0.1309
8,6,48,4,1,0.8,"clean",NA
8,6,48,4,1,0.8,"random",0.0666
8,6,48,4,1,0.8,"longstring",0.1205
8,6,48,4,1,0.8,"pure_straight",-0.2289
8,6,48,4,1,0.8,"acquiescent",0.0603
8,6,48,4,1,0.8,"mixed",0.1194
8,6,48,4,1,1,"clean",NA
8,6,48,4,1,1,"random",0.0552
8,6,48,4,1,1,"longstring",0.1104
8,6,48,4,1,1,"pure_straight",-0.2514
8,6,48,4,1,1,"acquiescent",0.043
8,6,48,4,1,1,"mixed",0.1094
8,6,48,4,1,1.5,"clean",NA
8,6,48,4,1,1.5,"random",0.0435
8,6,48,4,1,1.5,"longstring",0.1007
8,6,48,4,1,1.5,"pure_straight",-0.2767
8,6,48,4,1,1.5,"acquiescent",0.0251
8,6,48,4,1,1.5,"mixed",0.0997
8,6,48,4,1.5,0.3,"clean",NA
8,6,48,4,1.5,0.3,"random",0.0803
8,6,48,4,1.5,0.3,"longstring",0.0815
8,6,48,4,1.5,0.3,"pure_straight",-0.2047
8,6,48,4,1.5,0.3,"acquiescent",0.0089
8,6,48,4,1.5,0.3,"mixed",0.1331
8,6,48,4,1.5,0.5,"clean",NA
8,6,48,4,1.5,0.5,"random",0.0758
8,6,48,4,1.5,0.5,"longstring",0.0769
8,6,48,4,1.5,0.5,"pure_straight",-0.2125
8,6,48,4,1.5,0.5,"acquiescent",0.0739
8,6,48,4,1.5,0.5,"mixed",0.1288
8,6,48,4,1.5,0.8,"clean",NA
8,6,48,4,1.5,0.8,"random",0.0552
8,6,48,4,1.5,0.8,"longstring",0.1104
8,6,48,4,1.5,0.8,"pure_straight",-0.2514
8,6,48,4,1.5,0.8,"acquiescent",0.043
8,6,48,4,1.5,0.8,"mixed",0.1094
8,6,48,4,1.5,1,"clean",NA
8,6,48,4,1.5,1,"random",0.0471
8,6,48,4,1.5,1,"longstring",0.1036
8,6,48,4,1.5,1,"pure_straight",-0.2687
8,6,48,4,1.5,1,"acquiescent",0.0306
8,6,48,4,1.5,1,"mixed",0.1026
8,6,48,4,1.5,1.5,"clean",NA
8,6,48,4,1.5,1.5,"random",0.0301
8,6,48,4,1.5,1.5,"longstring",0.0902
8,6,48,4,1.5,1.5,"pure_straight",-0.3091
8,6,48,4,1.5,1.5,"acquiescent",0.0448
8,6,48,4,1.5,1.5,"mixed",0.0892
8,6,48,4,2,0.3,"clean",NA
8,6,48,4,2,0.3,"random",0.0803
8,6,48,4,2,0.3,"longstring",0.0815
8,6,48,4,2,0.3,"pure_straight",-0.2047
8,6,48,4,2,0.3,"acquiescent",0.0089
8,6,48,4,2,0.3,"mixed",0.1331
8,6,48,4,2,0.5,"clean",NA
8,6,48,4,2,0.5,"random",0.0746
8,6,48,4,2,0.5,"longstring",0.1277
8,6,48,4,2,0.5,"pure_straight",-0.2145
8,6,48,4,2,0.5,"acquiescent",0.0722
8,6,48,4,2,0.5,"mixed",0.1277
8,6,48,4,2,0.8,"clean",NA
8,6,48,4,2,0.8,"random",0.0518
8,6,48,4,2,0.8,"longstring",0.1075
8,6,48,4,2,0.8,"pure_straight",-0.2586
8,6,48,4,2,0.8,"acquiescent",0.0378
8,6,48,4,2,0.8,"mixed",0.1065
8,6,48,4,2,1,"clean",NA
8,6,48,4,2,1,"random",0.0435
8,6,48,4,2,1,"longstring",0.1007
8,6,48,4,2,1,"pure_straight",-0.2767
8,6,48,4,2,1,"acquiescent",0.064
8,6,48,4,2,1,"mixed",0.0997
8,6,48,4,2,1.5,"clean",NA
8,6,48,4,2,1.5,"random",0.0787
8,6,48,4,2,1.5,"longstring",0.0796
8,6,48,4,2,1.5,"pure_straight",-0.3482
8,6,48,4,2,1.5,"acquiescent",0.024
8,6,48,4,2,1.5,"mixed",0.0787
8,6,48,4,2.5,0.3,"clean",NA
8,6,48,4,2.5,0.3,"random",0.0803
8,6,48,4,2.5,0.3,"longstring",0.0815
8,6,48,4,2.5,0.3,"pure_straight",-0.0268
8,6,48,4,2.5,0.3,"acquiescent",0.0089
8,6,48,4,2.5,0.3,"mixed",0.1331
8,6,48,4,2.5,0.5,"clean",NA
8,6,48,4,2.5,0.5,"random",0.0746
8,6,48,4,2.5,0.5,"longstring",0.1277
8,6,48,4,2.5,0.5,"pure_straight",-0.0359
8,6,48,4,2.5,0.5,"acquiescent",0.0722
8,6,48,4,2.5,0.5,"mixed",0.1277
8,6,48,4,2.5,0.8,"clean",NA
8,6,48,4,2.5,0.8,"random",0.0471
8,6,48,4,2.5,0.8,"longstring",0.1036
8,6,48,4,2.5,0.8,"pure_straight",-0.0833
8,6,48,4,2.5,0.8,"acquiescent",0.0691
8,6,48,4,2.5,0.8,"mixed",0.1026
8,6,48,4,2.5,1,"clean",NA
8,6,48,4,2.5,1,"random",0.0363
8,6,48,4,2.5,1,"longstring",0.0949
8,6,48,4,2.5,1,"pure_straight",-0.1037
8,6,48,4,2.5,1,"acquiescent",0.0537
8,6,48,4,2.5,1,"mixed",0.094
8,6,48,4,2.5,1.5,"clean",NA
8,6,48,4,2.5,1.5,"random",0.0718
8,6,48,4,2.5,1.5,"longstring",0.0728
8,6,48,4,2.5,1.5,"pure_straight",-0.1691
8,6,48,4,2.5,1.5,"acquiescent",0.0556
8,6,48,4,2.5,1.5,"mixed",0.0718
8,6,48,4,3,0.3,"clean",NA
8,6,48,4,3,0.3,"random",0.0792
8,6,48,4,3,0.3,"longstring",0.0803
8,6,48,4,3,0.3,"pure_straight",0.1874
8,6,48,4,3,0.3,"acquiescent",0.043
8,6,48,4,3,0.3,"mixed",0.132
8,6,48,4,3,0.5,"clean",NA
8,6,48,4,3,0.5,"random",0.0723
8,6,48,4,3,0.5,"longstring",0.1256
8,6,48,4,3,0.5,"pure_straight",0.1784
8,6,48,4,3,0.5,"acquiescent",0.0688
8,6,48,4,3,0.5,"mixed",0.1246
8,6,48,4,3,0.8,"clean",NA
8,6,48,4,3,0.8,"random",0.0435
8,6,48,4,3,0.8,"longstring",0.1007
8,6,48,4,3,0.8,"pure_straight",0.1428
8,6,48,4,3,0.8,"acquiescent",0.064
8,6,48,4,3,0.8,"mixed",0.0997
8,6,48,4,3,1,"clean",NA
8,6,48,4,3,1,"random",0.0262
8,6,48,4,3,1,"longstring",0.0873
8,6,48,4,3,1,"pure_straight",0.1236
8,6,48,4,3,1,"acquiescent",0.0813
8,6,48,4,3,1,"mixed",0.0863
8,6,48,4,3,1.5,"clean",NA
8,6,48,4,3,1.5,"random",0.0617
8,6,48,4,3,1.5,"longstring",0.0627
8,6,48,4,3,1.5,"pure_straight",0.0883
8,6,48,4,3,1.5,"acquiescent",0.0359
8,6,48,4,3,1.5,"mixed",0.0617
8,6,48,5,0,0.3,"clean",NA
8,6,48,5,0,0.3,"random",0.1587
8,6,48,5,0,0.3,"longstring",0.0899
8,6,48,5,0,0.3,"pure_straight",-0.0587
8,6,48,5,0,0.3,"acquiescent",0.0124
8,6,48,5,0,0.3,"mixed",0.1434
8,6,48,5,0,0.5,"clean",NA
8,6,48,5,0,0.5,"random",0.1587
8,6,48,5,0,0.5,"longstring",0.0899
8,6,48,5,0,0.5,"pure_straight",-0.0587
8,6,48,5,0,0.5,"acquiescent",0.0124
8,6,48,5,0,0.5,"mixed",0.1434
8,6,48,5,0,0.8,"clean",NA
8,6,48,5,0,0.8,"random",0.1587
8,6,48,5,0,0.8,"longstring",0.0899
8,6,48,5,0,0.8,"pure_straight",-0.0587
8,6,48,5,0,0.8,"acquiescent",0.0124
8,6,48,5,0,0.8,"mixed",0.1434
8,6,48,5,0,1,"clean",NA
8,6,48,5,0,1,"random",0.1587
8,6,48,5,0,1,"longstring",0.0899
8,6,48,5,0,1,"pure_straight",-0.0587
8,6,48,5,0,1,"acquiescent",0.0124
8,6,48,5,0,1,"mixed",0.1434
8,6,48,5,0,1.5,"clean",NA
8,6,48,5,0,1.5,"random",0.1587
8,6,48,5,0,1.5,"longstring",0.0899
8,6,48,5,0,1.5,"pure_straight",-0.0587
8,6,48,5,0,1.5,"acquiescent",0.0124
8,6,48,5,0,1.5,"mixed",0.1434
8,6,48,5,0.5,0.3,"clean",NA
8,6,48,5,0.5,0.3,"random",0.1587
8,6,48,5,0.5,0.3,"longstring",0.0899
8,6,48,5,0.5,0.3,"pure_straight",-0.0587
8,6,48,5,0.5,0.3,"acquiescent",0.0124
8,6,48,5,0.5,0.3,"mixed",0.1434
8,6,48,5,0.5,0.5,"clean",NA
8,6,48,5,0.5,0.5,"random",0.1537
8,6,48,5,0.5,0.5,"longstring",0.0854
8,6,48,5,0.5,0.5,"pure_straight",-0.0657
8,6,48,5,0.5,0.5,"acquiescent",0.0763
8,6,48,5,0.5,0.5,"mixed",0.1389
8,6,48,5,0.5,0.8,"clean",NA
8,6,48,5,0.5,0.8,"random",0.1501
8,6,48,5,0.5,0.8,"longstring",0.082
8,6,48,5,0.5,0.8,"pure_straight",-0.071
8,6,48,5,0.5,0.8,"acquiescent",0.1065
8,6,48,5,0.5,0.8,"mixed",0.1357
8,6,48,5,0.5,1,"clean",NA
8,6,48,5,0.5,1,"random",0.1419
8,6,48,5,0.5,1,"longstring",0.0743
8,6,48,5,0.5,1,"pure_straight",-0.0835
8,6,48,5,0.5,1,"acquiescent",0.0944
8,6,48,5,0.5,1,"mixed",0.1283
8,6,48,5,0.5,1.5,"clean",NA
8,6,48,5,0.5,1.5,"random",0.132
8,6,48,5,0.5,1.5,"longstring",0.0647
8,6,48,5,0.5,1.5,"pure_straight",-0.1
8,6,48,5,0.5,1.5,"acquiescent",0.079
8,6,48,5,0.5,1.5,"mixed",0.1193
8,6,48,5,1,0.3,"clean",NA
8,6,48,5,1,0.3,"random",0.1587
8,6,48,5,1,0.3,"longstring",0.0899
8,6,48,5,1,0.3,"pure_straight",-0.0587
8,6,48,5,1,0.3,"acquiescent",0.048
8,6,48,5,1,0.3,"mixed",0.1434
8,6,48,5,1,0.5,"clean",NA
8,6,48,5,1,0.5,"random",0.1525
8,6,48,5,1,0.5,"longstring",0.0842
8,6,48,5,1,0.5,"pure_straight",-0.0675
8,6,48,5,1,0.5,"acquiescent",0.11
8,6,48,5,1,0.5,"mixed",0.1378
8,6,48,5,1,0.8,"clean",NA
8,6,48,5,1,0.8,"random",0.1386
8,6,48,5,1,0.8,"longstring",0.0711
8,6,48,5,1,0.8,"pure_straight",-0.0889
8,6,48,5,1,0.8,"acquiescent",0.0892
8,6,48,5,1,0.8,"mixed",0.1252
8,6,48,5,1,1,"clean",NA
8,6,48,5,1,1,"random",0.1309
8,6,48,5,1,1,"longstring",0.0636
8,6,48,5,1,1,"pure_straight",-0.1019
8,6,48,5,1,1,"acquiescent",0.0773
8,6,48,5,1,1,"mixed",0.1183
8,6,48,5,1,1.5,"clean",NA
8,6,48,5,1,1.5,"random",0.1124
8,6,48,5,1,1.5,"longstring",0.0445
8,6,48,5,1,1.5,"pure_straight",-0.1379
8,6,48,5,1,1.5,"acquiescent",0.0465
8,6,48,5,1,1.5,"mixed",0.1015
8,6,48,5,1.5,0.3,"clean",NA
8,6,48,5,1.5,0.3,"random",0.1587
8,6,48,5,1.5,0.3,"longstring",0.0899
8,6,48,5,1.5,0.3,"pure_straight",-0.0587
8,6,48,5,1.5,0.3,"acquiescent",0.0835
8,6,48,5,1.5,0.3,"mixed",0.1434
8,6,48,5,1.5,0.5,"clean",NA
8,6,48,5,1.5,0.5,"random",0.1525
8,6,48,5,1.5,0.5,"longstring",0.0842
8,6,48,5,1.5,0.5,"pure_straight",-0.0675
8,6,48,5,1.5,0.5,"acquiescent",0.11
8,6,48,5,1.5,0.5,"mixed",0.1378
8,6,48,5,1.5,0.8,"clean",NA
8,6,48,5,1.5,0.8,"random",0.1309
8,6,48,5,1.5,0.8,"longstring",0.0636
8,6,48,5,1.5,0.8,"pure_straight",-0.1019
8,6,48,5,1.5,0.8,"acquiescent",0.0773
8,6,48,5,1.5,0.8,"mixed",0.1183
8,6,48,5,1.5,1,"clean",NA
8,6,48,5,1.5,1,"random",0.1184
8,6,48,5,1.5,1,"longstring",0.0509
8,6,48,5,1.5,1,"pure_straight",-0.1254
8,6,48,5,1.5,1,"acquiescent",0.0938
8,6,48,5,1.5,1,"mixed",0.107
8,6,48,5,1.5,1.5,"clean",NA
8,6,48,5,1.5,1.5,"random",0.0997
8,6,48,5,1.5,1.5,"longstring",0.0304
8,6,48,5,1.5,1.5,"pure_straight",-0.1677
8,6,48,5,1.5,1.5,"acquiescent",0.0623
8,6,48,5,1.5,1.5,"mixed",0.09
8,6,48,5,2,0.3,"clean",NA
8,6,48,5,2,0.3,"random",0.1587
8,6,48,5,2,0.3,"longstring",0.0899
8,6,48,5,2,0.3,"pure_straight",0.2254
8,6,48,5,2,0.3,"acquiescent",0.0835
8,6,48,5,2,0.3,"mixed",0.1434
8,6,48,5,2,0.5,"clean",NA
8,6,48,5,2,0.5,"random",0.1501
8,6,48,5,2,0.5,"longstring",0.082
8,6,48,5,2,0.5,"pure_straight",0.2132
8,6,48,5,2,0.5,"acquiescent",0.1065
8,6,48,5,2,0.5,"mixed",0.1357
8,6,48,5,2,0.8,"clean",NA
8,6,48,5,2,0.8,"random",0.1225
8,6,48,5,2,0.8,"longstring",0.0551
8,6,48,5,2,0.8,"pure_straight",0.1739
8,6,48,5,2,0.8,"acquiescent",0.1003
8,6,48,5,2,0.8,"mixed",0.1107
8,6,48,5,2,1,"clean",NA
8,6,48,5,2,1,"random",0.1114
8,6,48,5,2,1,"longstring",0.0435
8,6,48,5,2,1,"pure_straight",0.1581
8,6,48,5,2,1,"acquiescent",0.0823
8,6,48,5,2,1,"mixed",0.1006
8,6,48,5,2,1.5,"clean",NA
8,6,48,5,2,1.5,"random",0.0902
8,6,48,5,2,1.5,"longstring",0.0176
8,6,48,5,2,1.5,"pure_straight",0.1277
8,6,48,5,2,1.5,"acquiescent",0.0861
8,6,48,5,2,1.5,"mixed",0.0813
8,6,48,5,2.5,0.3,"clean",NA
8,6,48,5,2.5,0.3,"random",0.1562
8,6,48,5,2.5,0.3,"longstring",0.0876
8,6,48,5,2.5,0.3,"pure_straight",0.2218
8,6,48,5,2.5,0.3,"acquiescent",0.1154
8,6,48,5,2.5,0.3,"mixed",0.1412
8,6,48,5,2.5,0.5,"clean",NA
8,6,48,5,2.5,0.5,"random",0.1477
8,6,48,5,2.5,0.5,"longstring",0.0798
8,6,48,5,2.5,0.5,"pure_straight",0.2098
8,6,48,5,2.5,0.5,"acquiescent",0.103
8,6,48,5,2.5,0.5,"mixed",0.1335
8,6,48,5,2.5,0.8,"clean",NA
8,6,48,5,2.5,0.8,"random",0.1184
8,6,48,5,2.5,0.8,"longstring",0.0509
8,6,48,5,2.5,0.8,"pure_straight",0.1681
8,6,48,5,2.5,0.8,"acquiescent",0.0938
8,6,48,5,2.5,0.8,"mixed",0.107
8,6,48,5,2.5,1,"clean",NA
8,6,48,5,2.5,1,"random",0.1075
8,6,48,5,2.5,1,"longstring",0.0392
8,6,48,5,2.5,1,"pure_straight",0.1525
8,6,48,5,2.5,1,"acquiescent",0.0758
8,6,48,5,2.5,1,"mixed",0.097
8,6,48,5,2.5,1.5,"clean",NA
8,6,48,5,2.5,1.5,"random",0.0835
8,6,48,5,2.5,1.5,"longstring",0.0761
8,6,48,5,2.5,1.5,"pure_straight",0.1181
8,6,48,5,2.5,1.5,"acquiescent",0.1181
8,6,48,5,2.5,1.5,"mixed",0.0752
8,6,48,5,3,0.3,"clean",NA
8,6,48,5,3,0.3,"random",0.1562
8,6,48,5,3,0.3,"longstring",0.0876
8,6,48,5,3,0.3,"pure_straight",0.2218
8,6,48,5,3,0.3,"acquiescent",0.1154
8,6,48,5,3,0.3,"mixed",0.1412
8,6,48,5,3,0.5,"clean",NA
8,6,48,5,3,0.5,"random",0.1477
8,6,48,5,3,0.5,"longstring",0.0798
8,6,48,5,3,0.5,"pure_straight",0.2098
8,6,48,5,3,0.5,"acquiescent",0.1386
8,6,48,5,3,0.5,"mixed",0.1335
8,6,48,5,3,0.8,"clean",NA
8,6,48,5,3,0.8,"random",0.1114
8,6,48,5,3,0.8,"longstring",0.0435
8,6,48,5,3,0.8,"pure_straight",0.1581
8,6,48,5,3,0.8,"acquiescent",0.0823
8,6,48,5,3,0.8,"mixed",0.1006
8,6,48,5,3,1,"clean",NA
8,6,48,5,3,1,"random",0.0959
8,6,48,5,3,1,"longstring",0.0259
8,6,48,5,3,1,"pure_straight",0.1359
8,6,48,5,3,1,"acquiescent",0.1359
8,6,48,5,3,1,"mixed",0.0865
8,6,48,5,3,1.5,"clean",NA
8,6,48,5,3,1.5,"random",0.0738
8,6,48,5,3,1.5,"longstring",0.0672
8,6,48,5,3,1.5,"pure_straight",0.1043
8,6,48,5,3,1.5,"acquiescent",0.1043
8,6,48,5,3,1.5,"mixed",0.0663
16,6,96,1,0,0.3,"clean",NA
16,6,96,1,0,0.3,"random",0.3126
16,6,96,1,0,0.3,"longstring",0.2549
16,6,96,1,0,0.3,"pure_straight",0.4044
16,6,96,1,0,0.3,"acquiescent",0.2839
16,6,96,1,0,0.3,"mixed",0.299
16,6,96,1,0,0.5,"clean",NA
16,6,96,1,0,0.5,"random",0.3126
16,6,96,1,0,0.5,"longstring",0.2549
16,6,96,1,0,0.5,"pure_straight",0.4044
16,6,96,1,0,0.5,"acquiescent",0.2839
16,6,96,1,0,0.5,"mixed",0.299
16,6,96,1,0,0.8,"clean",NA
16,6,96,1,0,0.8,"random",0.3126
16,6,96,1,0,0.8,"longstring",0.2549
16,6,96,1,0,0.8,"pure_straight",0.4044
16,6,96,1,0,0.8,"acquiescent",0.2839
16,6,96,1,0,0.8,"mixed",0.299
16,6,96,1,0,1,"clean",NA
16,6,96,1,0,1,"random",0.3126
16,6,96,1,0,1,"longstring",0.2549
16,6,96,1,0,1,"pure_straight",0.4044
16,6,96,1,0,1,"acquiescent",0.2839
16,6,96,1,0,1,"mixed",0.299
16,6,96,1,0,1.5,"clean",NA
16,6,96,1,0,1.5,"random",0.3126
16,6,96,1,0,1.5,"longstring",0.2549
16,6,96,1,0,1.5,"pure_straight",0.4044
16,6,96,1,0,1.5,"acquiescent",0.2839
16,6,96,1,0,1.5,"mixed",0.299
16,6,96,1,0.5,0.3,"clean",NA
16,6,96,1,0.5,0.3,"random",0.3126
16,6,96,1,0.5,0.3,"longstring",0.2549
16,6,96,1,0.5,0.3,"pure_straight",0.4044
16,6,96,1,0.5,0.3,"acquiescent",0.2839
16,6,96,1,0.5,0.3,"mixed",0.299
16,6,96,1,0.5,0.5,"clean",NA
16,6,96,1,0.5,0.5,"random",0.3091
16,6,96,1,0.5,0.5,"longstring",0.2518
16,6,96,1,0.5,0.5,"pure_straight",0.4
16,6,96,1,0.5,0.5,"acquiescent",0.28
16,6,96,1,0.5,0.5,"mixed",0.2956
16,6,96,1,0.5,0.8,"clean",NA
16,6,96,1,0.5,0.8,"random",0.3091
16,6,96,1,0.5,0.8,"longstring",0.2518
16,6,96,1,0.5,0.8,"pure_straight",0.4
16,6,96,1,0.5,0.8,"acquiescent",0.28
16,6,96,1,0.5,0.8,"mixed",0.2956
16,6,96,1,0.5,1,"clean",NA
16,6,96,1,0.5,1,"random",0.3024
16,6,96,1,0.5,1,"longstring",0.2457
16,6,96,1,0.5,1,"pure_straight",0.3914
16,6,96,1,0.5,1,"acquiescent",0.2724
16,6,96,1,0.5,1,"mixed",0.2889
16,6,96,1,0.5,1.5,"clean",NA
16,6,96,1,0.5,1.5,"random",0.2928
16,6,96,1,0.5,1.5,"longstring",0.237
16,6,96,1,0.5,1.5,"pure_straight",0.3793
16,6,96,1,0.5,1.5,"acquiescent",0.2616
16,6,96,1,0.5,1.5,"mixed",0.2794
16,6,96,1,1,0.3,"clean",NA
16,6,96,1,1,0.3,"random",0.3126
16,6,96,1,1,0.3,"longstring",0.2549
16,6,96,1,1,0.3,"pure_straight",0.4044
16,6,96,1,1,0.3,"acquiescent",0.2839
16,6,96,1,1,0.3,"mixed",0.299
16,6,96,1,1,0.5,"clean",NA
16,6,96,1,1,0.5,"random",0.3091
16,6,96,1,1,0.5,"longstring",0.2518
16,6,96,1,1,0.5,"pure_straight",0.4
16,6,96,1,1,0.5,"acquiescent",0.28
16,6,96,1,1,0.5,"mixed",0.2956
16,6,96,1,1,0.8,"clean",NA
16,6,96,1,1,0.8,"random",0.3024
16,6,96,1,1,0.8,"longstring",0.2457
16,6,96,1,1,0.8,"pure_straight",0.3914
16,6,96,1,1,0.8,"acquiescent",0.3125
16,6,96,1,1,0.8,"mixed",0.2889
16,6,96,1,1,1,"clean",NA
16,6,96,1,1,1,"random",0.2928
16,6,96,1,1,1,"longstring",0.237
16,6,96,1,1,1,"pure_straight",0.3793
16,6,96,1,1,1,"acquiescent",0.3012
16,6,96,1,1,1,"mixed",0.2794
16,6,96,1,1,1.5,"clean",NA
16,6,96,1,1,1.5,"random",0.2867
16,6,96,1,1,1.5,"longstring",0.2315
16,6,96,1,1,1.5,"pure_straight",0.3716
16,6,96,1,1,1.5,"acquiescent",0.2941
16,6,96,1,1,1.5,"mixed",0.2705
16,6,96,1,1.5,0.3,"clean",NA
16,6,96,1,1.5,0.3,"random",0.3091
16,6,96,1,1.5,0.3,"longstring",0.2518
16,6,96,1,1.5,0.3,"pure_straight",0.4
16,6,96,1,1.5,0.3,"acquiescent",0.28
16,6,96,1,1.5,0.3,"mixed",0.2956
16,6,96,1,1.5,0.5,"clean",NA
16,6,96,1,1.5,0.5,"random",0.3091
16,6,96,1,1.5,0.5,"longstring",0.2518
16,6,96,1,1.5,0.5,"pure_straight",0.4
16,6,96,1,1.5,0.5,"acquiescent",0.28
16,6,96,1,1.5,0.5,"mixed",0.2956
16,6,96,1,1.5,0.8,"clean",NA
16,6,96,1,1.5,0.8,"random",0.2928
16,6,96,1,1.5,0.8,"longstring",0.237
16,6,96,1,1.5,0.8,"pure_straight",0.3793
16,6,96,1,1.5,0.8,"acquiescent",0.3012
16,6,96,1,1.5,0.8,"mixed",0.2794
16,6,96,1,1.5,1,"clean",NA
16,6,96,1,1.5,1,"random",0.2897
16,6,96,1,1.5,1,"longstring",0.2342
16,6,96,1,1.5,1,"pure_straight",0.3754
16,6,96,1,1.5,1,"acquiescent",0.2976
16,6,96,1,1.5,1,"mixed",0.2764
16,6,96,1,1.5,1.5,"clean",NA
16,6,96,1,1.5,1.5,"random",0.2753
16,6,96,1,1.5,1.5,"longstring",0.2726
16,6,96,1,1.5,1.5,"pure_straight",0.357
16,6,96,1,1.5,1.5,"acquiescent",0.2806
16,6,96,1,1.5,1.5,"mixed",0.2595
16,6,96,1,2,0.3,"clean",NA
16,6,96,1,2,0.3,"random",0.3091
16,6,96,1,2,0.3,"longstring",0.2518
16,6,96,1,2,0.3,"pure_straight",0.4
16,6,96,1,2,0.3,"acquiescent",0.28
16,6,96,1,2,0.3,"mixed",0.2956
16,6,96,1,2,0.5,"clean",NA
16,6,96,1,2,0.5,"random",0.3091
16,6,96,1,2,0.5,"longstring",0.2518
16,6,96,1,2,0.5,"pure_straight",0.4
16,6,96,1,2,0.5,"acquiescent",0.3204
16,6,96,1,2,0.5,"mixed",0.2956
16,6,96,1,2,0.8,"clean",NA
16,6,96,1,2,0.8,"random",0.2928
16,6,96,1,2,0.8,"longstring",0.237
16,6,96,1,2,0.8,"pure_straight",0.3793
16,6,96,1,2,0.8,"acquiescent",0.3012
16,6,96,1,2,0.8,"mixed",0.2794
16,6,96,1,2,1,"clean",NA
16,6,96,1,2,1,"random",0.2838
16,6,96,1,2,1,"longstring",0.2288
16,6,96,1,2,1,"pure_straight",0.3678
16,6,96,1,2,1,"acquiescent",0.2906
16,6,96,1,2,1,"mixed",0.2677
16,6,96,1,2,1.5,"clean",NA
16,6,96,1,2,1.5,"random",0.2699
16,6,96,1,2,1.5,"longstring",0.2699
16,6,96,1,2,1.5,"pure_straight",0.3536
16,6,96,1,2,1.5,"acquiescent",0.3156
16,6,96,1,2,1.5,"mixed",0.2569
16,6,96,1,2.5,0.3,"clean",NA
16,6,96,1,2.5,0.3,"random",0.3091
16,6,96,1,2.5,0.3,"longstring",0.2518
16,6,96,1,2.5,0.3,"pure_straight",0.4
16,6,96,1,2.5,0.3,"acquiescent",0.28
16,6,96,1,2.5,0.3,"mixed",0.2956
16,6,96,1,2.5,0.5,"clean",NA
16,6,96,1,2.5,0.5,"random",0.3024
16,6,96,1,2.5,0.5,"longstring",0.2457
16,6,96,1,2.5,0.5,"pure_straight",0.3914
16,6,96,1,2.5,0.5,"acquiescent",0.3125
16,6,96,1,2.5,0.5,"mixed",0.2889
16,6,96,1,2.5,0.8,"clean",NA
16,6,96,1,2.5,0.8,"random",0.2867
16,6,96,1,2.5,0.8,"longstring",0.2315
16,6,96,1,2.5,0.8,"pure_straight",0.3716
16,6,96,1,2.5,0.8,"acquiescent",0.2941
16,6,96,1,2.5,0.8,"mixed",0.2734
16,6,96,1,2.5,1,"clean",NA
16,6,96,1,2.5,1,"random",0.278
16,6,96,1,2.5,1,"longstring",0.2753
16,6,96,1,2.5,1,"pure_straight",0.3606
16,6,96,1,2.5,1,"acquiescent",0.3224
16,6,96,1,2.5,1,"mixed",0.2622
16,6,96,1,2.5,1.5,"clean",NA
16,6,96,1,2.5,1.5,"random",0.2647
16,6,96,1,2.5,1.5,"longstring",0.2647
16,6,96,1,2.5,1.5,"pure_straight",0.3468
16,6,96,1,2.5,1.5,"acquiescent",0.3091
16,6,96,1,2.5,1.5,"mixed",0.2518
16,6,96,1,3,0.3,"clean",NA
16,6,96,1,3,0.3,"random",0.3091
16,6,96,1,3,0.3,"longstring",0.2518
16,6,96,1,3,0.3,"pure_straight",0.4
16,6,96,1,3,0.3,"acquiescent",0.28
16,6,96,1,3,0.3,"mixed",0.2956
16,6,96,1,3,0.5,"clean",NA
16,6,96,1,3,0.5,"random",0.3024
16,6,96,1,3,0.5,"longstring",0.2457
16,6,96,1,3,0.5,"pure_straight",0.3914
16,6,96,1,3,0.5,"acquiescent",0.3125
16,6,96,1,3,0.5,"mixed",0.2889
16,6,96,1,3,0.8,"clean",NA
16,6,96,1,3,0.8,"random",0.2867
16,6,96,1,3,0.8,"longstring",0.2315
16,6,96,1,3,0.8,"pure_straight",0.3716
16,6,96,1,3,0.8,"acquiescent",0.333
16,6,96,1,3,0.8,"mixed",0.2705
16,6,96,1,3,1,"clean",NA
16,6,96,1,3,1,"random",0.2726
16,6,96,1,3,1,"longstring",0.2726
16,6,96,1,3,1,"pure_straight",0.357
16,6,96,1,3,1,"acquiescent",0.319
16,6,96,1,3,1,"mixed",0.2595
16,6,96,1,3,1.5,"clean",NA
16,6,96,1,3,1.5,"random",0.2525
16,6,96,1,3,1.5,"longstring",0.2525
16,6,96,1,3,1.5,"pure_straight",0.3309
16,6,96,1,3,1.5,"acquiescent",0.2937
16,6,96,1,3,1.5,"mixed",0.2399
16,6,96,2,0,0.3,"clean",NA
16,6,96,2,0,0.3,"random",0.183
16,6,96,2,0,0.3,"longstring",0.1582
16,6,96,2,0,0.3,"pure_straight",0.334
16,6,96,2,0,0.3,"acquiescent",0.2966
16,6,96,2,0,0.3,"mixed",0.2422
16,6,96,2,0,0.5,"clean",NA
16,6,96,2,0,0.5,"random",0.183
16,6,96,2,0,0.5,"longstring",0.1582
16,6,96,2,0,0.5,"pure_straight",0.334
16,6,96,2,0,0.5,"acquiescent",0.2966
16,6,96,2,0,0.5,"mixed",0.2422
16,6,96,2,0,0.8,"clean",NA
16,6,96,2,0,0.8,"random",0.183
16,6,96,2,0,0.8,"longstring",0.1582
16,6,96,2,0,0.8,"pure_straight",0.334
16,6,96,2,0,0.8,"acquiescent",0.2966
16,6,96,2,0,0.8,"mixed",0.2422
16,6,96,2,0,1,"clean",NA
16,6,96,2,0,1,"random",0.183
16,6,96,2,0,1,"longstring",0.1582
16,6,96,2,0,1,"pure_straight",0.334
16,6,96,2,0,1,"acquiescent",0.2966
16,6,96,2,0,1,"mixed",0.2422
16,6,96,2,0,1.5,"clean",NA
16,6,96,2,0,1.5,"random",0.183
16,6,96,2,0,1.5,"longstring",0.1582
16,6,96,2,0,1.5,"pure_straight",0.334
16,6,96,2,0,1.5,"acquiescent",0.2966
16,6,96,2,0,1.5,"mixed",0.2422
16,6,96,2,0.5,0.3,"clean",NA
16,6,96,2,0.5,0.3,"random",0.183
16,6,96,2,0.5,0.3,"longstring",0.1582
16,6,96,2,0.5,0.3,"pure_straight",0.334
16,6,96,2,0.5,0.3,"acquiescent",0.2966
16,6,96,2,0.5,0.3,"mixed",0.2422
16,6,96,2,0.5,0.5,"clean",NA
16,6,96,2,0.5,0.5,"random",0.1809
16,6,96,2,0.5,0.5,"longstring",0.1563
16,6,96,2,0.5,0.5,"pure_straight",0.3309
16,6,96,2,0.5,0.5,"acquiescent",0.2937
16,6,96,2,0.5,0.5,"mixed",0.2399
16,6,96,2,0.5,0.8,"clean",NA
16,6,96,2,0.5,0.8,"random",0.1789
16,6,96,2,0.5,0.8,"longstring",0.1545
16,6,96,2,0.5,0.8,"pure_straight",0.3279
16,6,96,2,0.5,0.8,"acquiescent",0.2907
16,6,96,2,0.5,0.8,"mixed",0.2354
16,6,96,2,0.5,1,"clean",NA
16,6,96,2,0.5,1,"random",0.177
16,6,96,2,0.5,1,"longstring",0.1527
16,6,96,2,0.5,1,"pure_straight",0.3249
16,6,96,2,0.5,1,"acquiescent",0.2878
16,6,96,2,0.5,1,"mixed",0.2333
16,6,96,2,0.5,1.5,"clean",NA
16,6,96,2,0.5,1.5,"random",0.1693
16,6,96,2,0.5,1.5,"longstring",0.1458
16,6,96,2,0.5,1.5,"pure_straight",0.3134
16,6,96,2,0.5,1.5,"acquiescent",0.3134
16,6,96,2,0.5,1.5,"mixed",0.2249
16,6,96,2,1,0.3,"clean",NA
16,6,96,2,1,0.3,"random",0.183
16,6,96,2,1,0.3,"longstring",0.1582
16,6,96,2,1,0.3,"pure_straight",0.334
16,6,96,2,1,0.3,"acquiescent",0.2966
16,6,96,2,1,0.3,"mixed",0.2422
16,6,96,2,1,0.5,"clean",NA
16,6,96,2,1,0.5,"random",0.1789
16,6,96,2,1,0.5,"longstring",0.1545
16,6,96,2,1,0.5,"pure_straight",0.3279
16,6,96,2,1,0.5,"acquiescent",0.2907
16,6,96,2,1,0.5,"mixed",0.2377
16,6,96,2,1,0.8,"clean",NA
16,6,96,2,1,0.8,"random",0.1731
16,6,96,2,1,0.8,"longstring",0.1492
16,6,96,2,1,0.8,"pure_straight",0.3191
16,6,96,2,1,0.8,"acquiescent",0.3191
16,6,96,2,1,0.8,"mixed",0.229
16,6,96,2,1,1,"clean",NA
16,6,96,2,1,1,"random",0.1693
16,6,96,2,1,1,"longstring",0.1458
16,6,96,2,1,1,"pure_straight",0.3134
16,6,96,2,1,1,"acquiescent",0.3134
16,6,96,2,1,1,"mixed",0.2249
16,6,96,2,1,1.5,"clean",NA
16,6,96,2,1,1.5,"random",0.1639
16,6,96,2,1,1.5,"longstring",0.1408
16,6,96,2,1,1.5,"pure_straight",0.3053
16,6,96,2,1,1.5,"acquiescent",0.3053
16,6,96,2,1,1.5,"mixed",0.2189
16,6,96,2,1.5,0.3,"clean",NA
16,6,96,2,1.5,0.3,"random",0.183
16,6,96,2,1.5,0.3,"longstring",0.1582
16,6,96,2,1.5,0.3,"pure_straight",0.334
16,6,96,2,1.5,0.3,"acquiescent",0.2966
16,6,96,2,1.5,0.3,"mixed",0.2422
16,6,96,2,1.5,0.5,"clean",NA
16,6,96,2,1.5,0.5,"random",0.1789
16,6,96,2,1.5,0.5,"longstring",0.1545
16,6,96,2,1.5,0.5,"pure_straight",0.3279
16,6,96,2,1.5,0.5,"acquiescent",0.3279
16,6,96,2,1.5,0.5,"mixed",0.2377
16,6,96,2,1.5,0.8,"clean",NA
16,6,96,2,1.5,0.8,"random",0.1712
16,6,96,2,1.5,0.8,"longstring",0.1475
16,6,96,2,1.5,0.8,"pure_straight",0.3162
16,6,96,2,1.5,0.8,"acquiescent",0.3162
16,6,96,2,1.5,0.8,"mixed",0.2269
16,6,96,2,1.5,1,"clean",NA
16,6,96,2,1.5,1,"random",0.1656
16,6,96,2,1.5,1,"longstring",0.1425
16,6,96,2,1.5,1,"pure_straight",0.3079
16,6,96,2,1.5,1,"acquiescent",0.3079
16,6,96,2,1.5,1,"mixed",0.2209
16,6,96,2,1.5,1.5,"clean",NA
16,6,96,2,1.5,1.5,"random",0.1487
16,6,96,2,1.5,1.5,"longstring",0.1271
16,6,96,2,1.5,1.5,"pure_straight",0.2827
16,6,96,2,1.5,1.5,"acquiescent",0.2827
16,6,96,2,1.5,1.5,"mixed",0.2025
16,6,96,2,2,0.3,"clean",NA
16,6,96,2,2,0.3,"random",0.183
16,6,96,2,2,0.3,"longstring",0.1582
16,6,96,2,2,0.3,"pure_straight",0.334
16,6,96,2,2,0.3,"acquiescent",0.2966
16,6,96,2,2,0.3,"mixed",0.2422
16,6,96,2,2,0.5,"clean",NA
16,6,96,2,2,0.5,"random",0.1789
16,6,96,2,2,0.5,"longstring",0.1545
16,6,96,2,2,0.5,"pure_straight",0.3279
16,6,96,2,2,0.5,"acquiescent",0.3279
16,6,96,2,2,0.5,"mixed",0.2354
16,6,96,2,2,0.8,"clean",NA
16,6,96,2,2,0.8,"random",0.1675
16,6,96,2,2,0.8,"longstring",0.1441
16,6,96,2,2,0.8,"pure_straight",0.3107
16,6,96,2,2,0.8,"acquiescent",0.3107
16,6,96,2,2,0.8,"mixed",0.2228
16,6,96,2,2,1,"clean",NA
16,6,96,2,2,1,"random",0.1639
16,6,96,2,2,1,"longstring",0.1408
16,6,96,2,2,1,"pure_straight",0.3053
16,6,96,2,2,1,"acquiescent",0.3053
16,6,96,2,2,1,"mixed",0.2189
16,6,96,2,2,1.5,"clean",NA
16,6,96,2,2,1.5,"random",0.1958
16,6,96,2,2,1.5,"longstring",0.1214
16,6,96,2,2,1.5,"pure_straight",0.2757
16,6,96,2,2,1.5,"acquiescent",0.2757
16,6,96,2,2,1.5,"mixed",0.1974
16,6,96,2,2.5,0.3,"clean",NA
16,6,96,2,2.5,0.3,"random",0.183
16,6,96,2,2.5,0.3,"longstring",0.1582
16,6,96,2,2.5,0.3,"pure_straight",0.334
16,6,96,2,2.5,0.3,"acquiescent",0.2966
16,6,96,2,2.5,0.3,"mixed",0.2422
16,6,96,2,2.5,0.5,"clean",NA
16,6,96,2,2.5,0.5,"random",0.1789
16,6,96,2,2.5,0.5,"longstring",0.1545
16,6,96,2,2.5,0.5,"pure_straight",0.3279
16,6,96,2,2.5,0.5,"acquiescent",0.3279
16,6,96,2,2.5,0.5,"mixed",0.2354
16,6,96,2,2.5,0.8,"clean",NA
16,6,96,2,2.5,0.8,"random",0.1656
16,6,96,2,2.5,0.8,"longstring",0.1425
16,6,96,2,2.5,0.8,"pure_straight",0.3079
16,6,96,2,2.5,0.8,"acquiescent",0.3079
16,6,96,2,2.5,0.8,"mixed",0.2209
16,6,96,2,2.5,1,"clean",NA
16,6,96,2,2.5,1,"random",0.1569
16,6,96,2,2.5,1,"longstring",0.1345
16,6,96,2,2.5,1,"pure_straight",0.2949
16,6,96,2,2.5,1,"acquiescent",0.2949
16,6,96,2,2.5,1,"mixed",0.2114
16,6,96,2,2.5,1.5,"clean",NA
16,6,96,2,2.5,1.5,"random",0.1848
16,6,96,2,2.5,1.5,"longstring",0.1132
16,6,96,2,2.5,1.5,"pure_straight",0.2624
16,6,96,2,2.5,1.5,"acquiescent",0.2624
16,6,96,2,2.5,1.5,"mixed",0.1878
16,6,96,2,3,0.3,"clean",NA
16,6,96,2,3,0.3,"random",0.183
16,6,96,2,3,0.3,"longstring",0.1582
16,6,96,2,3,0.3,"pure_straight",0.334
16,6,96,2,3,0.3,"acquiescent",0.2966
16,6,96,2,3,0.3,"mixed",0.2422
16,6,96,2,3,0.5,"clean",NA
16,6,96,2,3,0.5,"random",0.177
16,6,96,2,3,0.5,"longstring",0.1527
16,6,96,2,3,0.5,"pure_straight",0.3249
16,6,96,2,3,0.5,"acquiescent",0.3249
16,6,96,2,3,0.5,"mixed",0.2333
16,6,96,2,3,0.8,"clean",NA
16,6,96,2,3,0.8,"random",0.1639
16,6,96,2,3,0.8,"longstring",0.1408
16,6,96,2,3,0.8,"pure_straight",0.3053
16,6,96,2,3,0.8,"acquiescent",0.3053
16,6,96,2,3,0.8,"mixed",0.2189
16,6,96,2,3,1,"clean",NA
16,6,96,2,3,1,"random",0.1487
16,6,96,2,3,1,"longstring",0.1271
16,6,96,2,3,1,"pure_straight",0.2827
16,6,96,2,3,1,"acquiescent",0.2827
16,6,96,2,3,1,"mixed",0.2025
16,6,96,2,3,1.5,"clean",NA
16,6,96,2,3,1.5,"random",0.1789
16,6,96,2,3,1.5,"longstring",0.1081
16,6,96,2,3,1.5,"pure_straight",0.2541
16,6,96,2,3,1.5,"acquiescent",0.2541
16,6,96,2,3,1.5,"mixed",0.1818
16,6,96,3,0,0.3,"clean",NA
16,6,96,3,0,0.3,"random",0.2294
16,6,96,3,0,0.3,"longstring",0.1983
16,6,96,3,0,0.3,"pure_straight",0.3536
16,6,96,3,0,0.3,"acquiescent",0.2388
16,6,96,3,0,0.3,"mixed",0.2211
16,6,96,3,0,0.5,"clean",NA
16,6,96,3,0,0.5,"random",0.2294
16,6,96,3,0,0.5,"longstring",0.1983
16,6,96,3,0,0.5,"pure_straight",0.3536
16,6,96,3,0,0.5,"acquiescent",0.2388
16,6,96,3,0,0.5,"mixed",0.2211
16,6,96,3,0,0.8,"clean",NA
16,6,96,3,0,0.8,"random",0.2294
16,6,96,3,0,0.8,"longstring",0.1983
16,6,96,3,0,0.8,"pure_straight",0.3536
16,6,96,3,0,0.8,"acquiescent",0.2388
16,6,96,3,0,0.8,"mixed",0.2211
16,6,96,3,0,1,"clean",NA
16,6,96,3,0,1,"random",0.2294
16,6,96,3,0,1,"longstring",0.1983
16,6,96,3,0,1,"pure_straight",0.3536
16,6,96,3,0,1,"acquiescent",0.2388
16,6,96,3,0,1,"mixed",0.2211
16,6,96,3,0,1.5,"clean",NA
16,6,96,3,0,1.5,"random",0.2294
16,6,96,3,0,1.5,"longstring",0.1983
16,6,96,3,0,1.5,"pure_straight",0.3536
16,6,96,3,0,1.5,"acquiescent",0.2388
16,6,96,3,0,1.5,"mixed",0.2211
16,6,96,3,0.5,0.3,"clean",NA
16,6,96,3,0.5,0.3,"random",0.2294
16,6,96,3,0.5,0.3,"longstring",0.1983
16,6,96,3,0.5,0.3,"pure_straight",0.3536
16,6,96,3,0.5,0.3,"acquiescent",0.2388
16,6,96,3,0.5,0.3,"mixed",0.2211
16,6,96,3,0.5,0.5,"clean",NA
16,6,96,3,0.5,0.5,"random",0.2294
16,6,96,3,0.5,0.5,"longstring",0.1983
16,6,96,3,0.5,0.5,"pure_straight",0.3536
16,6,96,3,0.5,0.5,"acquiescent",0.2388
16,6,96,3,0.5,0.5,"mixed",0.2211
16,6,96,3,0.5,0.8,"clean",NA
16,6,96,3,0.5,0.8,"random",0.225
16,6,96,3,0.5,0.8,"longstring",0.1937
16,6,96,3,0.5,0.8,"pure_straight",0.3468
16,6,96,3,0.5,0.8,"acquiescent",0.2328
16,6,96,3,0.5,0.8,"mixed",0.2162
16,6,96,3,0.5,1,"clean",NA
16,6,96,3,0.5,1,"random",0.2228
16,6,96,3,0.5,1,"longstring",0.1915
16,6,96,3,0.5,1,"pure_straight",0.3435
16,6,96,3,0.5,1,"acquiescent",0.2298
16,6,96,3,0.5,1,"mixed",0.2138
16,6,96,3,0.5,1.5,"clean",NA
16,6,96,3,0.5,1.5,"random",0.2186
16,6,96,3,0.5,1.5,"longstring",0.1872
16,6,96,3,0.5,1.5,"pure_straight",0.3371
16,6,96,3,0.5,1.5,"acquiescent",0.2241
16,6,96,3,0.5,1.5,"mixed",0.2091
16,6,96,3,1,0.3,"clean",NA
16,6,96,3,1,0.3,"random",0.2294
16,6,96,3,1,0.3,"longstring",0.1983
16,6,96,3,1,0.3,"pure_straight",0.3536
16,6,96,3,1,0.3,"acquiescent",0.2388
16,6,96,3,1,0.3,"mixed",0.2211
16,6,96,3,1,0.5,"clean",NA
16,6,96,3,1,0.5,"random",0.225
16,6,96,3,1,0.5,"longstring",0.1937
16,6,96,3,1,0.5,"pure_straight",0.3468
16,6,96,3,1,0.5,"acquiescent",0.2328
16,6,96,3,1,0.5,"mixed",0.2162
16,6,96,3,1,0.8,"clean",NA
16,6,96,3,1,0.8,"random",0.2207
16,6,96,3,1,0.8,"longstring",0.1893
16,6,96,3,1,0.8,"pure_straight",0.3403
16,6,96,3,1,0.8,"acquiescent",0.265
16,6,96,3,1,0.8,"mixed",0.2115
16,6,96,3,1,1,"clean",NA
16,6,96,3,1,1,"random",0.2186
16,6,96,3,1,1,"longstring",0.1872
16,6,96,3,1,1,"pure_straight",0.3371
16,6,96,3,1,1,"acquiescent",0.262
16,6,96,3,1,1,"mixed",0.2091
16,6,96,3,1,1.5,"clean",NA
16,6,96,3,1,1.5,"random",0.2125
16,6,96,3,1,1.5,"longstring",0.1809
16,6,96,3,1,1.5,"pure_straight",0.3279
16,6,96,3,1,1.5,"acquiescent",0.2534
16,6,96,3,1,1.5,"mixed",0.2024
16,6,96,3,1.5,0.3,"clean",NA
16,6,96,3,1.5,0.3,"random",0.2294
16,6,96,3,1.5,0.3,"longstring",0.1983
16,6,96,3,1.5,0.3,"pure_straight",0.3536
16,6,96,3,1.5,0.3,"acquiescent",0.2388
16,6,96,3,1.5,0.3,"mixed",0.2211
16,6,96,3,1.5,0.5,"clean",NA
16,6,96,3,1.5,0.5,"random",0.225
16,6,96,3,1.5,0.5,"longstring",0.1937
16,6,96,3,1.5,0.5,"pure_straight",0.3468
16,6,96,3,1.5,0.5,"acquiescent",0.2328
16,6,96,3,1.5,0.5,"mixed",0.2162
16,6,96,3,1.5,0.8,"clean",NA
16,6,96,3,1.5,0.8,"random",0.2186
16,6,96,3,1.5,0.8,"longstring",0.1872
16,6,96,3,1.5,0.8,"pure_straight",0.3371
16,6,96,3,1.5,0.8,"acquiescent",0.262
16,6,96,3,1.5,0.8,"mixed",0.2091
16,6,96,3,1.5,1,"clean",NA
16,6,96,3,1.5,1,"random",0.2145
16,6,96,3,1.5,1,"longstring",0.183
16,6,96,3,1.5,1,"pure_straight",0.3309
16,6,96,3,1.5,1,"acquiescent",0.2562
16,6,96,3,1.5,1,"mixed",0.2046
16,6,96,3,1.5,1.5,"clean",NA
16,6,96,3,1.5,1.5,"random",0.2086
16,6,96,3,1.5,1.5,"longstring",0.177
16,6,96,3,1.5,1.5,"pure_straight",0.322
16,6,96,3,1.5,1.5,"acquiescent",0.322
16,6,96,3,1.5,1.5,"mixed",0.1981
16,6,96,3,2,0.3,"clean",NA
16,6,96,3,2,0.3,"random",0.2294
16,6,96,3,2,0.3,"longstring",0.1983
16,6,96,3,2,0.3,"pure_straight",0.3536
16,6,96,3,2,0.3,"acquiescent",0.2388
16,6,96,3,2,0.3,"mixed",0.2211
16,6,96,3,2,0.5,"clean",NA
16,6,96,3,2,0.5,"random",0.225
16,6,96,3,2,0.5,"longstring",0.1937
16,6,96,3,2,0.5,"pure_straight",0.3468
16,6,96,3,2,0.5,"acquiescent",0.2711
16,6,96,3,2,0.5,"mixed",0.2162
16,6,96,3,2,0.8,"clean",NA
16,6,96,3,2,0.8,"random",0.2165
16,6,96,3,2,0.8,"longstring",0.1851
16,6,96,3,2,0.8,"pure_straight",0.334
16,6,96,3,2,0.8,"acquiescent",0.2966
16,6,96,3,2,0.8,"mixed",0.2069
16,6,96,3,2,1,"clean",NA
16,6,96,3,2,1,"random",0.2125
16,6,96,3,2,1,"longstring",0.1809
16,6,96,3,2,1,"pure_straight",0.3279
16,6,96,3,2,1,"acquiescent",0.3279
16,6,96,3,2,1,"mixed",0.2024
16,6,96,3,2,1.5,"clean",NA
16,6,96,3,2,1.5,"random",0.1925
16,6,96,3,2,1.5,"longstring",0.2132
16,6,96,3,2,1.5,"pure_straight",0.2974
16,6,96,3,2,1.5,"acquiescent",0.2974
16,6,96,3,2,1.5,"mixed",0.2288
16,6,96,3,2.5,0.3,"clean",NA
16,6,96,3,2.5,0.3,"random",0.2294
16,6,96,3,2.5,0.3,"longstring",0.1983
16,6,96,3,2.5,0.3,"pure_straight",0.3536
16,6,96,3,2.5,0.3,"acquiescent",0.2388
16,6,96,3,2.5,0.3,"mixed",0.2211
16,6,96,3,2.5,0.5,"clean",NA
16,6,96,3,2.5,0.5,"random",0.2228
16,6,96,3,2.5,0.5,"longstring",0.1915
16,6,96,3,2.5,0.5,"pure_straight",0.3435
16,6,96,3,2.5,0.5,"acquiescent",0.268
16,6,96,3,2.5,0.5,"mixed",0.2138
16,6,96,3,2.5,0.8,"clean",NA
16,6,96,3,2.5,0.8,"random",0.2145
16,6,96,3,2.5,0.8,"longstring",0.183
16,6,96,3,2.5,0.8,"pure_straight",0.3309
16,6,96,3,2.5,0.8,"acquiescent",0.3309
16,6,96,3,2.5,0.8,"mixed",0.2046
16,6,96,3,2.5,1,"clean",NA
16,6,96,3,2.5,1,"random",0.2105
16,6,96,3,2.5,1,"longstring",0.1789
16,6,96,3,2.5,1,"pure_straight",0.3249
16,6,96,3,2.5,1,"acquiescent",0.3249
16,6,96,3,2.5,1,"mixed",0.2002
16,6,96,3,2.5,1.5,"clean",NA
16,6,96,3,2.5,1.5,"random",0.1876
16,6,96,3,2.5,1.5,"longstring",0.2077
16,6,96,3,2.5,1.5,"pure_straight",0.2899
16,6,96,3,2.5,1.5,"acquiescent",0.2899
16,6,96,3,2.5,1.5,"mixed",0.2229
16,6,96,3,3,0.3,"clean",NA
16,6,96,3,3,0.3,"random",0.2294
16,6,96,3,3,0.3,"longstring",0.1983
16,6,96,3,3,0.3,"pure_straight",0.3536
16,6,96,3,3,0.3,"acquiescent",0.2388
16,6,96,3,3,0.3,"mixed",0.2211
16,6,96,3,3,0.5,"clean",NA
16,6,96,3,3,0.5,"random",0.2228
16,6,96,3,3,0.5,"longstring",0.1915
16,6,96,3,3,0.5,"pure_straight",0.3435
16,6,96,3,3,0.5,"acquiescent",0.268
16,6,96,3,3,0.5,"mixed",0.2138
16,6,96,3,3,0.8,"clean",NA
16,6,96,3,3,0.8,"random",0.2125
16,6,96,3,3,0.8,"longstring",0.1809
16,6,96,3,3,0.8,"pure_straight",0.3279
16,6,96,3,3,0.8,"acquiescent",0.3279
16,6,96,3,3,0.8,"mixed",0.2024
16,6,96,3,3,1,"clean",NA
16,6,96,3,3,1,"random",0.2086
16,6,96,3,3,1,"longstring",0.177
16,6,96,3,3,1,"pure_straight",0.322
16,6,96,3,3,1,"acquiescent",0.322
16,6,96,3,3,1,"mixed",0.2478
16,6,96,3,3,1.5,"clean",NA
16,6,96,3,3,1.5,"random",0.1769
16,6,96,3,3,1.5,"longstring",0.1958
16,6,96,3,3,1.5,"pure_straight",0.2734
16,6,96,3,3,1.5,"acquiescent",0.2734
16,6,96,3,3,1.5,"mixed",0.2101
16,6,96,4,0,0.3,"clean",NA
16,6,96,4,0,0.3,"random",0.1789
16,6,96,4,0,0.3,"longstring",0.229
16,6,96,4,0,0.3,"pure_straight",0.3249
16,6,96,4,0,0.3,"acquiescent",0.3249
16,6,96,4,0,0.3,"mixed",0.2145
16,6,96,4,0,0.5,"clean",NA
16,6,96,4,0,0.5,"random",0.1789
16,6,96,4,0,0.5,"longstring",0.229
16,6,96,4,0,0.5,"pure_straight",0.3249
16,6,96,4,0,0.5,"acquiescent",0.3249
16,6,96,4,0,0.5,"mixed",0.2145
16,6,96,4,0,0.8,"clean",NA
16,6,96,4,0,0.8,"random",0.1789
16,6,96,4,0,0.8,"longstring",0.229
16,6,96,4,0,0.8,"pure_straight",0.3249
16,6,96,4,0,0.8,"acquiescent",0.3249
16,6,96,4,0,0.8,"mixed",0.2145
16,6,96,4,0,1,"clean",NA
16,6,96,4,0,1,"random",0.1789
16,6,96,4,0,1,"longstring",0.229
16,6,96,4,0,1,"pure_straight",0.3249
16,6,96,4,0,1,"acquiescent",0.3249
16,6,96,4,0,1,"mixed",0.2145
16,6,96,4,0,1.5,"clean",NA
16,6,96,4,0,1.5,"random",0.1789
16,6,96,4,0,1.5,"longstring",0.229
16,6,96,4,0,1.5,"pure_straight",0.3249
16,6,96,4,0,1.5,"acquiescent",0.3249
16,6,96,4,0,1.5,"mixed",0.2145
16,6,96,4,0.5,0.3,"clean",NA
16,6,96,4,0.5,0.3,"random",0.1789
16,6,96,4,0.5,0.3,"longstring",0.229
16,6,96,4,0.5,0.3,"pure_straight",0.3249
16,6,96,4,0.5,0.3,"acquiescent",0.3249
16,6,96,4,0.5,0.3,"mixed",0.2145
16,6,96,4,0.5,0.5,"clean",NA
16,6,96,4,0.5,0.5,"random",0.1789
16,6,96,4,0.5,0.5,"longstring",0.229
16,6,96,4,0.5,0.5,"pure_straight",0.3249
16,6,96,4,0.5,0.5,"acquiescent",0.3249
16,6,96,4,0.5,0.5,"mixed",0.2145
16,6,96,4,0.5,0.8,"clean",NA
16,6,96,4,0.5,0.8,"random",0.177
16,6,96,4,0.5,0.8,"longstring",0.2269
16,6,96,4,0.5,0.8,"pure_straight",0.322
16,6,96,4,0.5,0.8,"acquiescent",0.322
16,6,96,4,0.5,0.8,"mixed",0.2125
16,6,96,4,0.5,1,"clean",NA
16,6,96,4,0.5,1,"random",0.1712
16,6,96,4,0.5,1,"longstring",0.2209
16,6,96,4,0.5,1,"pure_straight",0.3134
16,6,96,4,0.5,1,"acquiescent",0.3134
16,6,96,4,0.5,1,"mixed",0.2067
16,6,96,4,0.5,1.5,"clean",NA
16,6,96,4,0.5,1.5,"random",0.1675
16,6,96,4,0.5,1.5,"longstring",0.217
16,6,96,4,0.5,1.5,"pure_straight",0.3079
16,6,96,4,0.5,1.5,"acquiescent",0.3079
16,6,96,4,0.5,1.5,"mixed",0.203
16,6,96,4,1,0.3,"clean",NA
16,6,96,4,1,0.3,"random",0.1789
16,6,96,4,1,0.3,"longstring",0.229
16,6,96,4,1,0.3,"pure_straight",0.3249
16,6,96,4,1,0.3,"acquiescent",0.3249
16,6,96,4,1,0.3,"mixed",0.2145
16,6,96,4,1,0.5,"clean",NA
16,6,96,4,1,0.5,"random",0.177
16,6,96,4,1,0.5,"longstring",0.2269
16,6,96,4,1,0.5,"pure_straight",0.322
16,6,96,4,1,0.5,"acquiescent",0.322
16,6,96,4,1,0.5,"mixed",0.2125
16,6,96,4,1,0.8,"clean",NA
16,6,96,4,1,0.8,"random",0.1693
16,6,96,4,1,0.8,"longstring",0.2189
16,6,96,4,1,0.8,"pure_straight",0.3107
16,6,96,4,1,0.8,"acquiescent",0.3107
16,6,96,4,1,0.8,"mixed",0.2049
16,6,96,4,1,1,"clean",NA
16,6,96,4,1,1,"random",0.1675
16,6,96,4,1,1,"longstring",0.217
16,6,96,4,1,1,"pure_straight",0.3079
16,6,96,4,1,1,"acquiescent",0.3079
16,6,96,4,1,1,"mixed",0.203
16,6,96,4,1,1.5,"clean",NA
16,6,96,4,1,1.5,"random",0.1603
16,6,96,4,1,1.5,"longstring",0.2095
16,6,96,4,1,1.5,"pure_straight",0.2974
16,6,96,4,1,1.5,"acquiescent",0.2974
16,6,96,4,1,1.5,"mixed",0.1959
16,6,96,4,1.5,0.3,"clean",NA
16,6,96,4,1.5,0.3,"random",0.1789
16,6,96,4,1.5,0.3,"longstring",0.229
16,6,96,4,1.5,0.3,"pure_straight",0.3249
16,6,96,4,1.5,0.3,"acquiescent",0.3249
16,6,96,4,1.5,0.3,"mixed",0.2145
16,6,96,4,1.5,0.5,"clean",NA
16,6,96,4,1.5,0.5,"random",0.177
16,6,96,4,1.5,0.5,"longstring",0.2269
16,6,96,4,1.5,0.5,"pure_straight",0.322
16,6,96,4,1.5,0.5,"acquiescent",0.322
16,6,96,4,1.5,0.5,"mixed",0.2125
16,6,96,4,1.5,0.8,"clean",NA
16,6,96,4,1.5,0.8,"random",0.1675
16,6,96,4,1.5,0.8,"longstring",0.217
16,6,96,4,1.5,0.8,"pure_straight",0.3079
16,6,96,4,1.5,0.8,"acquiescent",0.3079
16,6,96,4,1.5,0.8,"mixed",0.203
16,6,96,4,1.5,1,"clean",NA
16,6,96,4,1.5,1,"random",0.1621
16,6,96,4,1.5,1,"longstring",0.2114
16,6,96,4,1.5,1,"pure_straight",0.3
16,6,96,4,1.5,1,"acquiescent",0.3
16,6,96,4,1.5,1,"mixed",0.1977
16,6,96,4,1.5,1.5,"clean",NA
16,6,96,4,1.5,1.5,"random",0.1552
16,6,96,4,1.5,1.5,"longstring",0.2042
16,6,96,4,1.5,1.5,"pure_straight",0.2899
16,6,96,4,1.5,1.5,"acquiescent",0.2899
16,6,96,4,1.5,1.5,"mixed",0.1909
16,6,96,4,2,0.3,"clean",NA
16,6,96,4,2,0.3,"random",0.1789
16,6,96,4,2,0.3,"longstring",0.229
16,6,96,4,2,0.3,"pure_straight",0.3249
16,6,96,4,2,0.3,"acquiescent",0.3249
16,6,96,4,2,0.3,"mixed",0.2145
16,6,96,4,2,0.5,"clean",NA
16,6,96,4,2,0.5,"random",0.177
16,6,96,4,2,0.5,"longstring",0.2269
16,6,96,4,2,0.5,"pure_straight",0.322
16,6,96,4,2,0.5,"acquiescent",0.322
16,6,96,4,2,0.5,"mixed",0.2125
16,6,96,4,2,0.8,"clean",NA
16,6,96,4,2,0.8,"random",0.1675
16,6,96,4,2,0.8,"longstring",0.217
16,6,96,4,2,0.8,"pure_straight",0.3079
16,6,96,4,2,0.8,"acquiescent",0.3079
16,6,96,4,2,0.8,"mixed",0.203
16,6,96,4,2,1,"clean",NA
16,6,96,4,2,1,"random",0.1586
16,6,96,4,2,1,"longstring",0.2077
16,6,96,4,2,1,"pure_straight",0.2949
16,6,96,4,2,1,"acquiescent",0.2949
16,6,96,4,2,1,"mixed",0.1942
16,6,96,4,2,1.5,"clean",NA
16,6,96,4,2,1.5,"random",0.1487
16,6,96,4,2,1.5,"longstring",0.1974
16,6,96,4,2,1.5,"pure_straight",0.2803
16,6,96,4,2,1.5,"acquiescent",0.2803
16,6,96,4,2,1.5,"mixed",0.1829
16,6,96,4,2.5,0.3,"clean",NA
16,6,96,4,2.5,0.3,"random",0.1789
16,6,96,4,2.5,0.3,"longstring",0.229
16,6,96,4,2.5,0.3,"pure_straight",0.3249
16,6,96,4,2.5,0.3,"acquiescent",0.3249
16,6,96,4,2.5,0.3,"mixed",0.2145
16,6,96,4,2.5,0.5,"clean",NA
16,6,96,4,2.5,0.5,"random",0.175
16,6,96,4,2.5,0.5,"longstring",0.2249
16,6,96,4,2.5,0.5,"pure_straight",0.3191
16,6,96,4,2.5,0.5,"acquiescent",0.3191
16,6,96,4,2.5,0.5,"mixed",0.2105
16,6,96,4,2.5,0.8,"clean",NA
16,6,96,4,2.5,0.8,"random",0.1621
16,6,96,4,2.5,0.8,"longstring",0.2114
16,6,96,4,2.5,0.8,"pure_straight",0.3
16,6,96,4,2.5,0.8,"acquiescent",0.3
16,6,96,4,2.5,0.8,"mixed",0.1977
16,6,96,4,2.5,1,"clean",NA
16,6,96,4,2.5,1,"random",0.1552
16,6,96,4,2.5,1,"longstring",0.2042
16,6,96,4,2.5,1,"pure_straight",0.2899
16,6,96,4,2.5,1,"acquiescent",0.2899
16,6,96,4,2.5,1,"mixed",0.1909
16,6,96,4,2.5,1.5,"clean",NA
16,6,96,4,2.5,1.5,"random",0.1424
16,6,96,4,2.5,1.5,"longstring",0.191
16,6,96,4,2.5,1.5,"pure_straight",0.2712
16,6,96,4,2.5,1.5,"acquiescent",0.2712
16,6,96,4,2.5,1.5,"mixed",0.1754
16,6,96,4,3,0.3,"clean",NA
16,6,96,4,3,0.3,"random",0.1789
16,6,96,4,3,0.3,"longstring",0.229
16,6,96,4,3,0.3,"pure_straight",0.3249
16,6,96,4,3,0.3,"acquiescent",0.3249
16,6,96,4,3,0.3,"mixed",0.2145
16,6,96,4,3,0.5,"clean",NA
16,6,96,4,3,0.5,"random",0.1712
16,6,96,4,3,0.5,"longstring",0.2209
16,6,96,4,3,0.5,"pure_straight",0.3134
16,6,96,4,3,0.5,"acquiescent",0.3134
16,6,96,4,3,0.5,"mixed",0.2067
16,6,96,4,3,0.8,"clean",NA
16,6,96,4,3,0.8,"random",0.1603
16,6,96,4,3,0.8,"longstring",0.2095
16,6,96,4,3,0.8,"pure_straight",0.2974
16,6,96,4,3,0.8,"acquiescent",0.2974
16,6,96,4,3,0.8,"mixed",0.1959
16,6,96,4,3,1,"clean",NA
16,6,96,4,3,1,"random",0.1519
16,6,96,4,3,1,"longstring",0.2008
16,6,96,4,3,1,"pure_straight",0.285
16,6,96,4,3,1,"acquiescent",0.285
16,6,96,4,3,1,"mixed",0.1876
16,6,96,4,3,1.5,"clean",NA
16,6,96,4,3,1.5,"random",0.1291
16,6,96,4,3,1.5,"longstring",0.1774
16,6,96,4,3,1.5,"pure_straight",0.252
16,6,96,4,3,1.5,"acquiescent",0.252
16,6,96,4,3,1.5,"mixed",0.163
16,6,96,5,0,0.3,"clean",NA
16,6,96,5,0,0.3,"random",0.2209
16,6,96,5,0,0.3,"longstring",0.0834
16,6,96,5,0,0.3,"pure_straight",0.3079
16,6,96,5,0,0.3,"acquiescent",0.2714
16,6,96,5,0,0.3,"mixed",0.1475
16,6,96,5,0,0.5,"clean",NA
16,6,96,5,0,0.5,"random",0.2209
16,6,96,5,0,0.5,"longstring",0.0834
16,6,96,5,0,0.5,"pure_straight",0.3079
16,6,96,5,0,0.5,"acquiescent",0.2714
16,6,96,5,0,0.5,"mixed",0.1475
16,6,96,5,0,0.8,"clean",NA
16,6,96,5,0,0.8,"random",0.2209
16,6,96,5,0,0.8,"longstring",0.0834
16,6,96,5,0,0.8,"pure_straight",0.3079
16,6,96,5,0,0.8,"acquiescent",0.2714
16,6,96,5,0,0.8,"mixed",0.1475
16,6,96,5,0,1,"clean",NA
16,6,96,5,0,1,"random",0.2209
16,6,96,5,0,1,"longstring",0.0834
16,6,96,5,0,1,"pure_straight",0.3079
16,6,96,5,0,1,"acquiescent",0.2714
16,6,96,5,0,1,"mixed",0.1475
16,6,96,5,0,1.5,"clean",NA
16,6,96,5,0,1.5,"random",0.2209
16,6,96,5,0,1.5,"longstring",0.0834
16,6,96,5,0,1.5,"pure_straight",0.3079
16,6,96,5,0,1.5,"acquiescent",0.2714
16,6,96,5,0,1.5,"mixed",0.1475
16,6,96,5,0.5,0.3,"clean",NA
16,6,96,5,0.5,0.3,"random",0.2209
16,6,96,5,0.5,0.3,"longstring",0.0834
16,6,96,5,0.5,0.3,"pure_straight",0.3079
16,6,96,5,0.5,0.3,"acquiescent",0.2714
16,6,96,5,0.5,0.3,"mixed",0.1475
16,6,96,5,0.5,0.5,"clean",NA
16,6,96,5,0.5,0.5,"random",0.2209
16,6,96,5,0.5,0.5,"longstring",0.0834
16,6,96,5,0.5,0.5,"pure_straight",0.3079
16,6,96,5,0.5,0.5,"acquiescent",0.2714
16,6,96,5,0.5,0.5,"mixed",0.1475
16,6,96,5,0.5,0.8,"clean",NA
16,6,96,5,0.5,0.8,"random",0.217
16,6,96,5,0.5,0.8,"longstring",0.0805
16,6,96,5,0.5,0.8,"pure_straight",0.3026
16,6,96,5,0.5,0.8,"acquiescent",0.3026
16,6,96,5,0.5,0.8,"mixed",0.1441
16,6,96,5,0.5,1,"clean",NA
16,6,96,5,0.5,1,"random",0.2114
16,6,96,5,0.5,1,"longstring",0.0762
16,6,96,5,0.5,1,"pure_straight",0.2949
16,6,96,5,0.5,1,"acquiescent",0.2949
16,6,96,5,0.5,1,"mixed",0.1392
16,6,96,5,0.5,1.5,"clean",NA
16,6,96,5,0.5,1.5,"random",0.2077
16,6,96,5,0.5,1.5,"longstring",0.0735
16,6,96,5,0.5,1.5,"pure_straight",0.2899
16,6,96,5,0.5,1.5,"acquiescent",0.2899
16,6,96,5,0.5,1.5,"mixed",0.1361
16,6,96,5,1,0.3,"clean",NA
16,6,96,5,1,0.3,"random",0.2209
16,6,96,5,1,0.3,"longstring",0.0834
16,6,96,5,1,0.3,"pure_straight",0.3079
16,6,96,5,1,0.3,"acquiescent",0.2714
16,6,96,5,1,0.3,"mixed",0.1475
16,6,96,5,1,0.5,"clean",NA
16,6,96,5,1,0.5,"random",0.2209
16,6,96,5,1,0.5,"longstring",0.0834
16,6,96,5,1,0.5,"pure_straight",0.3079
16,6,96,5,1,0.5,"acquiescent",0.3079
16,6,96,5,1,0.5,"mixed",0.1475
16,6,96,5,1,0.8,"clean",NA
16,6,96,5,1,0.8,"random",0.2095
16,6,96,5,1,0.8,"longstring",0.0748
16,6,96,5,1,0.8,"pure_straight",0.2924
16,6,96,5,1,0.8,"acquiescent",0.2924
16,6,96,5,1,0.8,"mixed",0.1377
16,6,96,5,1,1,"clean",NA
16,6,96,5,1,1,"random",0.2077
16,6,96,5,1,1,"longstring",0.0735
16,6,96,5,1,1,"pure_straight",0.2899
16,6,96,5,1,1,"acquiescent",0.2899
16,6,96,5,1,1,"mixed",0.1361
16,6,96,5,1,1.5,"clean",NA
16,6,96,5,1,1.5,"random",0.2025
16,6,96,5,1,1.5,"longstring",0.0694
16,6,96,5,1,1.5,"pure_straight",0.2827
16,6,96,5,1,1.5,"acquiescent",0.2827
16,6,96,5,1,1.5,"mixed",0.1315
16,6,96,5,1.5,0.3,"clean",NA
16,6,96,5,1.5,0.3,"random",0.2209
16,6,96,5,1.5,0.3,"longstring",0.0834
16,6,96,5,1.5,0.3,"pure_straight",0.3079
16,6,96,5,1.5,0.3,"acquiescent",0.2714
16,6,96,5,1.5,0.3,"mixed",0.1475
16,6,96,5,1.5,0.5,"clean",NA
16,6,96,5,1.5,0.5,"random",0.2189
16,6,96,5,1.5,0.5,"longstring",0.0819
16,6,96,5,1.5,0.5,"pure_straight",0.3053
16,6,96,5,1.5,0.5,"acquiescent",0.3053
16,6,96,5,1.5,0.5,"mixed",0.1458
16,6,96,5,1.5,0.8,"clean",NA
16,6,96,5,1.5,0.8,"random",0.2077
16,6,96,5,1.5,0.8,"longstring",0.0735
16,6,96,5,1.5,0.8,"pure_straight",0.2899
16,6,96,5,1.5,0.8,"acquiescent",0.2899
16,6,96,5,1.5,0.8,"mixed",0.1361
16,6,96,5,1.5,1,"clean",NA
16,6,96,5,1.5,1,"random",0.2025
16,6,96,5,1.5,1,"longstring",0.0694
16,6,96,5,1.5,1,"pure_straight",0.2827
16,6,96,5,1.5,1,"acquiescent",0.2827
16,6,96,5,1.5,1,"mixed",0.1315
16,6,96,5,1.5,1.5,"clean",NA
16,6,96,5,1.5,1.5,"random",0.1894
16,6,96,5,1.5,1.5,"longstring",0.0603
16,6,96,5,1.5,1.5,"pure_straight",0.2667
16,6,96,5,1.5,1.5,"acquiescent",0.2667
16,6,96,5,1.5,1.5,"mixed",0.1214
16,6,96,5,2,0.3,"clean",NA
16,6,96,5,2,0.3,"random",0.2209
16,6,96,5,2,0.3,"longstring",0.0834
16,6,96,5,2,0.3,"pure_straight",0.3079
16,6,96,5,2,0.3,"acquiescent",0.3079
16,6,96,5,2,0.3,"mixed",0.1475
16,6,96,5,2,0.5,"clean",NA
16,6,96,5,2,0.5,"random",0.217
16,6,96,5,2,0.5,"longstring",0.0805
16,6,96,5,2,0.5,"pure_straight",0.3026
16,6,96,5,2,0.5,"acquiescent",0.3026
16,6,96,5,2,0.5,"mixed",0.1441
16,6,96,5,2,0.8,"clean",NA
16,6,96,5,2,0.8,"random",0.206
16,6,96,5,2,0.8,"longstring",0.0721
16,6,96,5,2,0.8,"pure_straight",0.2875
16,6,96,5,2,0.8,"acquiescent",0.2875
16,6,96,5,2,0.8,"mixed",0.1345
16,6,96,5,2,1,"clean",NA
16,6,96,5,2,1,"random",0.2025
16,6,96,5,2,1,"longstring",0.0694
16,6,96,5,2,1,"pure_straight",0.2827
16,6,96,5,2,1,"acquiescent",0.2827
16,6,96,5,2,1,"mixed",0.1315
16,6,96,5,2,1.5,"clean",NA
16,6,96,5,2,1.5,"random",0.1789
16,6,96,5,2,1.5,"longstring",0.1081
16,6,96,5,2,1.5,"pure_straight",0.252
16,6,96,5,2,1.5,"acquiescent",0.252
16,6,96,5,2,1.5,"mixed",0.1106
16,6,96,5,2.5,0.3,"clean",NA
16,6,96,5,2.5,0.3,"random",0.2209
16,6,96,5,2.5,0.3,"longstring",0.0834
16,6,96,5,2.5,0.3,"pure_straight",0.3079
16,6,96,5,2.5,0.3,"acquiescent",0.3079
16,6,96,5,2.5,0.3,"mixed",0.1475
16,6,96,5,2.5,0.5,"clean",NA
16,6,96,5,2.5,0.5,"random",0.217
16,6,96,5,2.5,0.5,"longstring",0.0805
16,6,96,5,2.5,0.5,"pure_straight",0.3026
16,6,96,5,2.5,0.5,"acquiescent",0.3026
16,6,96,5,2.5,0.5,"mixed",0.1441
16,6,96,5,2.5,0.8,"clean",NA
16,6,96,5,2.5,0.8,"random",0.2025
16,6,96,5,2.5,0.8,"longstring",0.0694
16,6,96,5,2.5,0.8,"pure_straight",0.2827
16,6,96,5,2.5,0.8,"acquiescent",0.2827
16,6,96,5,2.5,0.8,"mixed",0.1315
16,6,96,5,2.5,1,"clean",NA
16,6,96,5,2.5,1,"random",0.1974
16,6,96,5,2.5,1,"longstring",0.0655
16,6,96,5,2.5,1,"pure_straight",0.2757
16,6,96,5,2.5,1,"acquiescent",0.2757
16,6,96,5,2.5,1,"mixed",0.1271
16,6,96,5,2.5,1.5,"clean",NA
16,6,96,5,2.5,1.5,"random",0.1678
16,6,96,5,2.5,1.5,"longstring",0.0994
16,6,96,5,2.5,1.5,"pure_straight",0.2383
16,6,96,5,2.5,1.5,"acquiescent",0.2383
16,6,96,5,2.5,1.5,"mixed",0.1553
16,6,96,5,3,0.3,"clean",NA
16,6,96,5,3,0.3,"random",0.2209
16,6,96,5,3,0.3,"longstring",0.0834
16,6,96,5,3,0.3,"pure_straight",0.3079
16,6,96,5,3,0.3,"acquiescent",0.3079
16,6,96,5,3,0.3,"mixed",0.1475
16,6,96,5,3,0.5,"clean",NA
16,6,96,5,3,0.5,"random",0.2132
16,6,96,5,3,0.5,"longstring",0.0776
16,6,96,5,3,0.5,"pure_straight",0.2974
16,6,96,5,3,0.5,"acquiescent",0.2974
16,6,96,5,3,0.5,"mixed",0.1408
16,6,96,5,3,0.8,"clean",NA
16,6,96,5,3,0.8,"random",0.2025
16,6,96,5,3,0.8,"longstring",0.0694
16,6,96,5,3,0.8,"pure_straight",0.2827
16,6,96,5,3,0.8,"acquiescent",0.2827
16,6,96,5,3,0.8,"mixed",0.1315
16,6,96,5,3,1,"clean",NA
16,6,96,5,3,1,"random",0.1878
16,6,96,5,3,1,"longstring",0.1159
16,6,96,5,3,1,"pure_straight",0.2646
16,6,96,5,3,1,"acquiescent",0.2646
16,6,96,5,3,1,"mixed",0.12
16,6,96,5,3,1.5,"clean",NA
16,6,96,5,3,1.5,"random",0.1638
16,6,96,5,3,1.5,"longstring",0.0958
16,6,96,5,3,1.5,"pure_straight",0.2327
16,6,96,5,3,1.5,"acquiescent",0.2327
16,6,96,5,3,1.5,"mixed",0.1516
30,6,180,1,0,0.3,"clean",NA
30,6,180,1,0,0.3,"random",0.4171
30,6,180,1,0,0.3,"longstring",0.6349
30,6,180,1,0,0.3,"pure_straight",0.8888
30,6,180,1,0,0.3,"acquiescent",0.7903
30,6,180,1,0,0.3,"mixed",0.4488
30,6,180,1,0,0.5,"clean",NA
30,6,180,1,0,0.5,"random",0.4171
30,6,180,1,0,0.5,"longstring",0.6349
30,6,180,1,0,0.5,"pure_straight",0.8888
30,6,180,1,0,0.5,"acquiescent",0.7903
30,6,180,1,0,0.5,"mixed",0.4488
30,6,180,1,0,0.8,"clean",NA
30,6,180,1,0,0.8,"random",0.4171
30,6,180,1,0,0.8,"longstring",0.6349
30,6,180,1,0,0.8,"pure_straight",0.8888
30,6,180,1,0,0.8,"acquiescent",0.7903
30,6,180,1,0,0.8,"mixed",0.4488
30,6,180,1,0,1,"clean",NA
30,6,180,1,0,1,"random",0.4171
30,6,180,1,0,1,"longstring",0.6349
30,6,180,1,0,1,"pure_straight",0.8888
30,6,180,1,0,1,"acquiescent",0.7903
30,6,180,1,0,1,"mixed",0.4488
30,6,180,1,0,1.5,"clean",NA
30,6,180,1,0,1.5,"random",0.4171
30,6,180,1,0,1.5,"longstring",0.6349
30,6,180,1,0,1.5,"pure_straight",0.8888
30,6,180,1,0,1.5,"acquiescent",0.7903
30,6,180,1,0,1.5,"mixed",0.4488
30,6,180,1,0.5,0.3,"clean",NA
30,6,180,1,0.5,0.3,"random",0.4171
30,6,180,1,0.5,0.3,"longstring",0.6349
30,6,180,1,0.5,0.3,"pure_straight",0.8888
30,6,180,1,0.5,0.3,"acquiescent",0.7903
30,6,180,1,0.5,0.3,"mixed",0.4488
30,6,180,1,0.5,0.5,"clean",NA
30,6,180,1,0.5,0.5,"random",0.4171
30,6,180,1,0.5,0.5,"longstring",0.6349
30,6,180,1,0.5,0.5,"pure_straight",0.8888
30,6,180,1,0.5,0.5,"acquiescent",0.8406
30,6,180,1,0.5,0.5,"mixed",0.4488
30,6,180,1,0.5,0.8,"clean",NA
30,6,180,1,0.5,0.8,"random",0.4171
30,6,180,1,0.5,0.8,"longstring",0.6349
30,6,180,1,0.5,0.8,"pure_straight",0.8888
30,6,180,1,0.5,0.8,"acquiescent",0.8406
30,6,180,1,0.5,0.8,"mixed",0.4488
30,6,180,1,0.5,1,"clean",NA
30,6,180,1,0.5,1,"random",0.4171
30,6,180,1,0.5,1,"longstring",0.6349
30,6,180,1,0.5,1,"pure_straight",0.8888
30,6,180,1,0.5,1,"acquiescent",0.8406
30,6,180,1,0.5,1,"mixed",0.4171
30,6,180,1,0.5,1.5,"clean",NA
30,6,180,1,0.5,1.5,"random",0.4171
30,6,180,1,0.5,1.5,"longstring",0.6349
30,6,180,1,0.5,1.5,"pure_straight",0.8888
30,6,180,1,0.5,1.5,"acquiescent",0.8406
30,6,180,1,0.5,1.5,"mixed",0.4171
30,6,180,1,1,0.3,"clean",NA
30,6,180,1,1,0.3,"random",0.4171
30,6,180,1,1,0.3,"longstring",0.6349
30,6,180,1,1,0.3,"pure_straight",0.8888
30,6,180,1,1,0.3,"acquiescent",0.8406
30,6,180,1,1,0.3,"mixed",0.4488
30,6,180,1,1,0.5,"clean",NA
30,6,180,1,1,0.5,"random",0.4171
30,6,180,1,1,0.5,"longstring",0.6349
30,6,180,1,1,0.5,"pure_straight",0.8888
30,6,180,1,1,0.5,"acquiescent",0.8406
30,6,180,1,1,0.5,"mixed",0.4488
30,6,180,1,1,0.8,"clean",NA
30,6,180,1,1,0.8,"random",0.4171
30,6,180,1,1,0.8,"longstring",0.6349
30,6,180,1,1,0.8,"pure_straight",0.8888
30,6,180,1,1,0.8,"acquiescent",0.8406
30,6,180,1,1,0.8,"mixed",0.4171
30,6,180,1,1,1,"clean",NA
30,6,180,1,1,1,"random",0.4171
30,6,180,1,1,1,"longstring",0.6349
30,6,180,1,1,1,"pure_straight",0.8888
30,6,180,1,1,1,"acquiescent",0.8406
30,6,180,1,1,1,"mixed",0.4171
30,6,180,1,1,1.5,"clean",NA
30,6,180,1,1,1.5,"random",0.5016
30,6,180,1,1,1.5,"longstring",0.6036
30,6,180,1,1,1.5,"pure_straight",0.8588
30,6,180,1,1,1.5,"acquiescent",0.8101
30,6,180,1,1,1.5,"mixed",0.3907
30,6,180,1,1.5,0.3,"clean",NA
30,6,180,1,1.5,0.3,"random",0.4171
30,6,180,1,1.5,0.3,"longstring",0.6349
30,6,180,1,1.5,0.3,"pure_straight",0.8888
30,6,180,1,1.5,0.3,"acquiescent",0.8406
30,6,180,1,1.5,0.3,"mixed",0.4488
30,6,180,1,1.5,0.5,"clean",NA
30,6,180,1,1.5,0.5,"random",0.4171
30,6,180,1,1.5,0.5,"longstring",0.6349
30,6,180,1,1.5,0.5,"pure_straight",0.8888
30,6,180,1,1.5,0.5,"acquiescent",0.8406
30,6,180,1,1.5,0.5,"mixed",0.4488
30,6,180,1,1.5,0.8,"clean",NA
30,6,180,1,1.5,0.8,"random",0.4171
30,6,180,1,1.5,0.8,"longstring",0.6349
30,6,180,1,1.5,0.8,"pure_straight",0.8888
30,6,180,1,1.5,0.8,"acquiescent",0.8406
30,6,180,1,1.5,0.8,"mixed",0.4171
30,6,180,1,1.5,1,"clean",NA
30,6,180,1,1.5,1,"random",0.5016
30,6,180,1,1.5,1,"longstring",0.6036
30,6,180,1,1.5,1,"pure_straight",0.8588
30,6,180,1,1.5,1,"acquiescent",0.8101
30,6,180,1,1.5,1,"mixed",0.3907
30,6,180,1,1.5,1.5,"clean",NA
30,6,180,1,1.5,1.5,"random",0.5762
30,6,180,1,1.5,1.5,"longstring",0.5762
30,6,180,1,1.5,1.5,"pure_straight",0.8314
30,6,180,1,1.5,1.5,"acquiescent",0.8314
30,6,180,1,1.5,1.5,"mixed",0.3683
30,6,180,1,2,0.3,"clean",NA
30,6,180,1,2,0.3,"random",0.4171
30,6,180,1,2,0.3,"longstring",0.6349
30,6,180,1,2,0.3,"pure_straight",0.8888
30,6,180,1,2,0.3,"acquiescent",0.8406
30,6,180,1,2,0.3,"mixed",0.4488
30,6,180,1,2,0.5,"clean",NA
30,6,180,1,2,0.5,"random",0.4171
30,6,180,1,2,0.5,"longstring",0.6349
30,6,180,1,2,0.5,"pure_straight",0.8888
30,6,180,1,2,0.5,"acquiescent",0.8406
30,6,180,1,2,0.5,"mixed",0.4488
30,6,180,1,2,0.8,"clean",NA
30,6,180,1,2,0.8,"random",0.3907
30,6,180,1,2,0.8,"longstring",0.6036
30,6,180,1,2,0.8,"pure_straight",0.8588
30,6,180,1,2,0.8,"acquiescent",0.8101
30,6,180,1,2,0.8,"mixed",0.3907
30,6,180,1,2,1,"clean",NA
30,6,180,1,2,1,"random",0.5016
30,6,180,1,2,1,"longstring",0.6036
30,6,180,1,2,1,"pure_straight",0.8588
30,6,180,1,2,1,"acquiescent",0.8588
30,6,180,1,2,1,"mixed",0.3907
30,6,180,1,2,1.5,"clean",NA
30,6,180,1,2,1.5,"random",0.552
30,6,180,1,2,1.5,"longstring",0.552
30,6,180,1,2,1.5,"pure_straight",0.8062
30,6,180,1,2,1.5,"acquiescent",0.8062
30,6,180,1,2,1.5,"mixed",0.3488
30,6,180,1,2.5,0.3,"clean",NA
30,6,180,1,2.5,0.3,"random",0.4171
30,6,180,1,2.5,0.3,"longstring",0.6349
30,6,180,1,2.5,0.3,"pure_straight",0.8888
30,6,180,1,2.5,0.3,"acquiescent",0.8406
30,6,180,1,2.5,0.3,"mixed",0.4488
30,6,180,1,2.5,0.5,"clean",NA
30,6,180,1,2.5,0.5,"random",0.4171
30,6,180,1,2.5,0.5,"longstring",0.6349
30,6,180,1,2.5,0.5,"pure_straight",0.8888
30,6,180,1,2.5,0.5,"acquiescent",0.8406
30,6,180,1,2.5,0.5,"mixed",0.4488
30,6,180,1,2.5,0.8,"clean",NA
30,6,180,1,2.5,0.8,"random",0.5016
30,6,180,1,2.5,0.8,"longstring",0.6036
30,6,180,1,2.5,0.8,"pure_straight",0.8588
30,6,180,1,2.5,0.8,"acquiescent",0.8588
30,6,180,1,2.5,0.8,"mixed",0.3907
30,6,180,1,2.5,1,"clean",NA
30,6,180,1,2.5,1,"random",0.6036
30,6,180,1,2.5,1,"longstring",0.6036
30,6,180,1,2.5,1,"pure_straight",0.8588
30,6,180,1,2.5,1,"acquiescent",0.8588
30,6,180,1,2.5,1,"mixed",0.3907
30,6,180,1,2.5,1.5,"clean",NA
30,6,180,1,2.5,1.5,"random",0.5108
30,6,180,1,2.5,1.5,"longstring",0.5108
30,6,180,1,2.5,1.5,"pure_straight",0.7616
30,6,180,1,2.5,1.5,"acquiescent",0.7616
30,6,180,1,2.5,1.5,"mixed",0.3166
30,6,180,1,3,0.3,"clean",NA
30,6,180,1,3,0.3,"random",0.4171
30,6,180,1,3,0.3,"longstring",0.6349
30,6,180,1,3,0.3,"pure_straight",0.8888
30,6,180,1,3,0.3,"acquiescent",0.8406
30,6,180,1,3,0.3,"mixed",0.4488
30,6,180,1,3,0.5,"clean",NA
30,6,180,1,3,0.5,"random",0.4171
30,6,180,1,3,0.5,"longstring",0.6349
30,6,180,1,3,0.5,"pure_straight",0.8888
30,6,180,1,3,0.5,"acquiescent",0.8406
30,6,180,1,3,0.5,"mixed",0.4171
30,6,180,1,3,0.8,"clean",NA
30,6,180,1,3,0.8,"random",0.5016
30,6,180,1,3,0.8,"longstring",0.6036
30,6,180,1,3,0.8,"pure_straight",0.8588
30,6,180,1,3,0.8,"acquiescent",0.8588
30,6,180,1,3,0.8,"mixed",0.3907
30,6,180,1,3,1,"clean",NA
30,6,180,1,3,1,"random",0.552
30,6,180,1,3,1,"longstring",0.552
30,6,180,1,3,1,"pure_straight",0.8062
30,6,180,1,3,1,"acquiescent",0.8062
30,6,180,1,3,1,"mixed",0.3488
30,6,180,1,3,1.5,"clean",NA
30,6,180,1,3,1.5,"random",0.5108
30,6,180,1,3,1.5,"longstring",0.5108
30,6,180,1,3,1.5,"pure_straight",0.7616
30,6,180,1,3,1.5,"acquiescent",0.7616
30,6,180,1,3,1.5,"mixed",0.5998
30,6,180,2,0,0.3,"clean",NA
30,6,180,2,0,0.3,"random",0.531
30,6,180,2,0,0.3,"longstring",0.673
30,6,180,2,0,0.3,"pure_straight",0.8588
30,6,180,2,0,0.3,"acquiescent",0.706
30,6,180,2,0,0.3,"mixed",0.3907
30,6,180,2,0,0.5,"clean",NA
30,6,180,2,0,0.5,"random",0.531
30,6,180,2,0,0.5,"longstring",0.673
30,6,180,2,0,0.5,"pure_straight",0.8588
30,6,180,2,0,0.5,"acquiescent",0.706
30,6,180,2,0,0.5,"mixed",0.3907
30,6,180,2,0,0.8,"clean",NA
30,6,180,2,0,0.8,"random",0.531
30,6,180,2,0,0.8,"longstring",0.673
30,6,180,2,0,0.8,"pure_straight",0.8588
30,6,180,2,0,0.8,"acquiescent",0.706
30,6,180,2,0,0.8,"mixed",0.3907
30,6,180,2,0,1,"clean",NA
30,6,180,2,0,1,"random",0.531
30,6,180,2,0,1,"longstring",0.673
30,6,180,2,0,1,"pure_straight",0.8588
30,6,180,2,0,1,"acquiescent",0.706
30,6,180,2,0,1,"mixed",0.3907
30,6,180,2,0,1.5,"clean",NA
30,6,180,2,0,1.5,"random",0.531
30,6,180,2,0,1.5,"longstring",0.673
30,6,180,2,0,1.5,"pure_straight",0.8588
30,6,180,2,0,1.5,"acquiescent",0.706
30,6,180,2,0,1.5,"mixed",0.3907
30,6,180,2,0.5,0.3,"clean",NA
30,6,180,2,0.5,0.3,"random",0.531
30,6,180,2,0.5,0.3,"longstring",0.673
30,6,180,2,0.5,0.3,"pure_straight",0.8588
30,6,180,2,0.5,0.3,"acquiescent",0.706
30,6,180,2,0.5,0.3,"mixed",0.3907
30,6,180,2,0.5,0.5,"clean",NA
30,6,180,2,0.5,0.5,"random",0.531
30,6,180,2,0.5,0.5,"longstring",0.673
30,6,180,2,0.5,0.5,"pure_straight",0.8588
30,6,180,2,0.5,0.5,"acquiescent",0.706
30,6,180,2,0.5,0.5,"mixed",0.3907
30,6,180,2,0.5,0.8,"clean",NA
30,6,180,2,0.5,0.8,"random",0.531
30,6,180,2,0.5,0.8,"longstring",0.673
30,6,180,2,0.5,0.8,"pure_straight",0.8588
30,6,180,2,0.5,0.8,"acquiescent",0.7593
30,6,180,2,0.5,0.8,"mixed",0.3907
30,6,180,2,0.5,1,"clean",NA
30,6,180,2,0.5,1,"random",0.531
30,6,180,2,0.5,1,"longstring",0.673
30,6,180,2,0.5,1,"pure_straight",0.8588
30,6,180,2,0.5,1,"acquiescent",0.7593
30,6,180,2,0.5,1,"mixed",0.3907
30,6,180,2,0.5,1.5,"clean",NA
30,6,180,2,0.5,1.5,"random",0.531
30,6,180,2,0.5,1.5,"longstring",0.673
30,6,180,2,0.5,1.5,"pure_straight",0.8588
30,6,180,2,0.5,1.5,"acquiescent",0.7593
30,6,180,2,0.5,1.5,"mixed",0.3907
30,6,180,2,1,0.3,"clean",NA
30,6,180,2,1,0.3,"random",0.531
30,6,180,2,1,0.3,"longstring",0.673
30,6,180,2,1,0.3,"pure_straight",0.8588
30,6,180,2,1,0.3,"acquiescent",0.706
30,6,180,2,1,0.3,"mixed",0.3907
30,6,180,2,1,0.5,"clean",NA
30,6,180,2,1,0.5,"random",0.531
30,6,180,2,1,0.5,"longstring",0.673
30,6,180,2,1,0.5,"pure_straight",0.8588
30,6,180,2,1,0.5,"acquiescent",0.7593
30,6,180,2,1,0.5,"mixed",0.3907
30,6,180,2,1,0.8,"clean",NA
30,6,180,2,1,0.8,"random",0.531
30,6,180,2,1,0.8,"longstring",0.673
30,6,180,2,1,0.8,"pure_straight",0.8588
30,6,180,2,1,0.8,"acquiescent",0.7593
30,6,180,2,1,0.8,"mixed",0.3907
30,6,180,2,1,1,"clean",NA
30,6,180,2,1,1,"random",0.531
30,6,180,2,1,1,"longstring",0.673
30,6,180,2,1,1,"pure_straight",0.8588
30,6,180,2,1,1,"acquiescent",0.7593
30,6,180,2,1,1,"mixed",0.3907
30,6,180,2,1,1.5,"clean",NA
30,6,180,2,1,1.5,"random",0.531
30,6,180,2,1,1.5,"longstring",0.673
30,6,180,2,1,1.5,"pure_straight",0.8588
30,6,180,2,1,1.5,"acquiescent",0.8101
30,6,180,2,1,1.5,"mixed",0.3907
30,6,180,2,1.5,0.3,"clean",NA
30,6,180,2,1.5,0.3,"random",0.531
30,6,180,2,1.5,0.3,"longstring",0.673
30,6,180,2,1.5,0.3,"pure_straight",0.8588
30,6,180,2,1.5,0.3,"acquiescent",0.706
30,6,180,2,1.5,0.3,"mixed",0.3907
30,6,180,2,1.5,0.5,"clean",NA
30,6,180,2,1.5,0.5,"random",0.531
30,6,180,2,1.5,0.5,"longstring",0.673
30,6,180,2,1.5,0.5,"pure_straight",0.8588
30,6,180,2,1.5,0.5,"acquiescent",0.7593
30,6,180,2,1.5,0.5,"mixed",0.3907
30,6,180,2,1.5,0.8,"clean",NA
30,6,180,2,1.5,0.8,"random",0.531
30,6,180,2,1.5,0.8,"longstring",0.673
30,6,180,2,1.5,0.8,"pure_straight",0.8588
30,6,180,2,1.5,0.8,"acquiescent",0.8101
30,6,180,2,1.5,0.8,"mixed",0.3907
30,6,180,2,1.5,1,"clean",NA
30,6,180,2,1.5,1,"random",0.531
30,6,180,2,1.5,1,"longstring",0.673
30,6,180,2,1.5,1,"pure_straight",0.8588
30,6,180,2,1.5,1,"acquiescent",0.8101
30,6,180,2,1.5,1,"mixed",0.3907
30,6,180,2,1.5,1.5,"clean",NA
30,6,180,2,1.5,1.5,"random",0.5016
30,6,180,2,1.5,1.5,"longstring",0.6425
30,6,180,2,1.5,1.5,"pure_straight",0.8314
30,6,180,2,1.5,1.5,"acquiescent",0.7824
30,6,180,2,1.5,1.5,"mixed",0.3488
30,6,180,2,2,0.3,"clean",NA
30,6,180,2,2,0.3,"random",0.531
30,6,180,2,2,0.3,"longstring",0.673
30,6,180,2,2,0.3,"pure_straight",0.8588
30,6,180,2,2,0.3,"acquiescent",0.7593
30,6,180,2,2,0.3,"mixed",0.3907
30,6,180,2,2,0.5,"clean",NA
30,6,180,2,2,0.5,"random",0.531
30,6,180,2,2,0.5,"longstring",0.673
30,6,180,2,2,0.5,"pure_straight",0.8588
30,6,180,2,2,0.5,"acquiescent",0.7593
30,6,180,2,2,0.5,"mixed",0.3907
30,6,180,2,2,0.8,"clean",NA
30,6,180,2,2,0.8,"random",0.531
30,6,180,2,2,0.8,"longstring",0.673
30,6,180,2,2,0.8,"pure_straight",0.8588
30,6,180,2,2,0.8,"acquiescent",0.8101
30,6,180,2,2,0.8,"mixed",0.3907
30,6,180,2,2,1,"clean",NA
30,6,180,2,2,1,"random",0.531
30,6,180,2,2,1,"longstring",0.673
30,6,180,2,2,1,"pure_straight",0.8588
30,6,180,2,2,1,"acquiescent",0.8101
30,6,180,2,2,1,"mixed",0.3907
30,6,180,2,2,1.5,"clean",NA
30,6,180,2,2,1.5,"random",0.552
30,6,180,2,2,1.5,"longstring",0.5915
30,6,180,2,2,1.5,"pure_straight",0.783
30,6,180,2,2,1.5,"acquiescent",0.783
30,6,180,2,2,1.5,"mixed",0.3166
30,6,180,2,2.5,0.3,"clean",NA
30,6,180,2,2.5,0.3,"random",0.531
30,6,180,2,2.5,0.3,"longstring",0.673
30,6,180,2,2.5,0.3,"pure_straight",0.8588
30,6,180,2,2.5,0.3,"acquiescent",0.7593
30,6,180,2,2.5,0.3,"mixed",0.3907
30,6,180,2,2.5,0.5,"clean",NA
30,6,180,2,2.5,0.5,"random",0.531
30,6,180,2,2.5,0.5,"longstring",0.673
30,6,180,2,2.5,0.5,"pure_straight",0.8588
30,6,180,2,2.5,0.5,"acquiescent",0.7593
30,6,180,2,2.5,0.5,"mixed",0.3907
30,6,180,2,2.5,0.8,"clean",NA
30,6,180,2,2.5,0.8,"random",0.531
30,6,180,2,2.5,0.8,"longstring",0.673
30,6,180,2,2.5,0.8,"pure_straight",0.8588
30,6,180,2,2.5,0.8,"acquiescent",0.8101
30,6,180,2,2.5,0.8,"mixed",0.3907
30,6,180,2,2.5,1,"clean",NA
30,6,180,2,2.5,1,"random",0.531
30,6,180,2,2.5,1,"longstring",0.673
30,6,180,2,2.5,1,"pure_straight",0.8588
30,6,180,2,2.5,1,"acquiescent",0.8588
30,6,180,2,2.5,1,"mixed",0.3683
30,6,180,2,2.5,1.5,"clean",NA
30,6,180,2,2.5,1.5,"random",0.5108
30,6,180,2,2.5,1.5,"longstring",0.5501
30,6,180,2,2.5,1.5,"pure_straight",0.7416
30,6,180,2,2.5,1.5,"acquiescent",0.7416
30,6,180,2,2.5,1.5,"mixed",0.3863
30,6,180,2,3,0.3,"clean",NA
30,6,180,2,3,0.3,"random",0.531
30,6,180,2,3,0.3,"longstring",0.673
30,6,180,2,3,0.3,"pure_straight",0.8588
30,6,180,2,3,0.3,"acquiescent",0.7593
30,6,180,2,3,0.3,"mixed",0.3907
30,6,180,2,3,0.5,"clean",NA
30,6,180,2,3,0.5,"random",0.531
30,6,180,2,3,0.5,"longstring",0.673
30,6,180,2,3,0.5,"pure_straight",0.8588
30,6,180,2,3,0.5,"acquiescent",0.8101
30,6,180,2,3,0.5,"mixed",0.3907
30,6,180,2,3,0.8,"clean",NA
30,6,180,2,3,0.8,"random",0.531
30,6,180,2,3,0.8,"longstring",0.673
30,6,180,2,3,0.8,"pure_straight",0.8588
30,6,180,2,3,0.8,"acquiescent",0.8588
30,6,180,2,3,0.8,"mixed",0.3907
30,6,180,2,3,1,"clean",NA
30,6,180,2,3,1,"random",0.5016
30,6,180,2,3,1,"longstring",0.6425
30,6,180,2,3,1,"pure_straight",0.8314
30,6,180,2,3,1,"acquiescent",0.8314
30,6,180,2,3,1,"mixed",0.3488
30,6,180,2,3,1.5,"clean",NA
30,6,180,2,3,1.5,"random",0.4769
30,6,180,2,3,1.5,"longstring",0.5157
30,6,180,2,3,1.5,"pure_straight",0.7056
30,6,180,2,3,1.5,"acquiescent",0.7056
30,6,180,2,3,1.5,"mixed",0.361
30,6,180,3,0,0.3,"clean",NA
30,6,180,3,0,0.3,"random",0.552
30,6,180,3,0,0.3,"longstring",0.2653
30,6,180,3,0,0.3,"pure_straight",0.8314
30,6,180,3,0,0.3,"acquiescent",0.8314
30,6,180,3,0,0.3,"mixed",0.3907
30,6,180,3,0,0.5,"clean",NA
30,6,180,3,0,0.5,"random",0.552
30,6,180,3,0,0.5,"longstring",0.2653
30,6,180,3,0,0.5,"pure_straight",0.8314
30,6,180,3,0,0.5,"acquiescent",0.8314
30,6,180,3,0,0.5,"mixed",0.3907
30,6,180,3,0,0.8,"clean",NA
30,6,180,3,0,0.8,"random",0.552
30,6,180,3,0,0.8,"longstring",0.2653
30,6,180,3,0,0.8,"pure_straight",0.8314
30,6,180,3,0,0.8,"acquiescent",0.8314
30,6,180,3,0,0.8,"mixed",0.3907
30,6,180,3,0,1,"clean",NA
30,6,180,3,0,1,"random",0.552
30,6,180,3,0,1,"longstring",0.2653
30,6,180,3,0,1,"pure_straight",0.8314
30,6,180,3,0,1,"acquiescent",0.8314
30,6,180,3,0,1,"mixed",0.3907
30,6,180,3,0,1.5,"clean",NA
30,6,180,3,0,1.5,"random",0.552
30,6,180,3,0,1.5,"longstring",0.2653
30,6,180,3,0,1.5,"pure_straight",0.8314
30,6,180,3,0,1.5,"acquiescent",0.8314
30,6,180,3,0,1.5,"mixed",0.3907
30,6,180,3,0.5,0.3,"clean",NA
30,6,180,3,0.5,0.3,"random",0.552
30,6,180,3,0.5,0.3,"longstring",0.2653
30,6,180,3,0.5,0.3,"pure_straight",0.8314
30,6,180,3,0.5,0.3,"acquiescent",0.8314
30,6,180,3,0.5,0.3,"mixed",0.3907
30,6,180,3,0.5,0.5,"clean",NA
30,6,180,3,0.5,0.5,"random",0.552
30,6,180,3,0.5,0.5,"longstring",0.2653
30,6,180,3,0.5,0.5,"pure_straight",0.8314
30,6,180,3,0.5,0.5,"acquiescent",0.8314
30,6,180,3,0.5,0.5,"mixed",0.3907
30,6,180,3,0.5,0.8,"clean",NA
30,6,180,3,0.5,0.8,"random",0.552
30,6,180,3,0.5,0.8,"longstring",0.2653
30,6,180,3,0.5,0.8,"pure_straight",0.8314
30,6,180,3,0.5,0.8,"acquiescent",0.8314
30,6,180,3,0.5,0.8,"mixed",0.3907
30,6,180,3,0.5,1,"clean",NA
30,6,180,3,0.5,1,"random",0.552
30,6,180,3,0.5,1,"longstring",0.2653
30,6,180,3,0.5,1,"pure_straight",0.8314
30,6,180,3,0.5,1,"acquiescent",0.8314
30,6,180,3,0.5,1,"mixed",0.3907
30,6,180,3,0.5,1.5,"clean",NA
30,6,180,3,0.5,1.5,"random",0.552
30,6,180,3,0.5,1.5,"longstring",0.2653
30,6,180,3,0.5,1.5,"pure_straight",0.8314
30,6,180,3,0.5,1.5,"acquiescent",0.8314
30,6,180,3,0.5,1.5,"mixed",0.3907
30,6,180,3,1,0.3,"clean",NA
30,6,180,3,1,0.3,"random",0.552
30,6,180,3,1,0.3,"longstring",0.2653
30,6,180,3,1,0.3,"pure_straight",0.8314
30,6,180,3,1,0.3,"acquiescent",0.8314
30,6,180,3,1,0.3,"mixed",0.3907
30,6,180,3,1,0.5,"clean",NA
30,6,180,3,1,0.5,"random",0.552
30,6,180,3,1,0.5,"longstring",0.2653
30,6,180,3,1,0.5,"pure_straight",0.8314
30,6,180,3,1,0.5,"acquiescent",0.8314
30,6,180,3,1,0.5,"mixed",0.3907
30,6,180,3,1,0.8,"clean",NA
30,6,180,3,1,0.8,"random",0.552
30,6,180,3,1,0.8,"longstring",0.2653
30,6,180,3,1,0.8,"pure_straight",0.8314
30,6,180,3,1,0.8,"acquiescent",0.8314
30,6,180,3,1,0.8,"mixed",0.3907
30,6,180,3,1,1,"clean",NA
30,6,180,3,1,1,"random",0.5303
30,6,180,3,1,1,"longstring",0.2449
30,6,180,3,1,1,"pure_straight",0.8062
30,6,180,3,1,1,"acquiescent",0.8062
30,6,180,3,1,1,"mixed",0.4762
30,6,180,3,1,1.5,"clean",NA
30,6,180,3,1,1.5,"random",0.6208
30,6,180,3,1,1.5,"longstring",0.2277
30,6,180,3,1,1.5,"pure_straight",0.8062
30,6,180,3,1,1.5,"acquiescent",0.8062
30,6,180,3,1,1.5,"mixed",0.4762
30,6,180,3,1.5,0.3,"clean",NA
30,6,180,3,1.5,0.3,"random",0.552
30,6,180,3,1.5,0.3,"longstring",0.2653
30,6,180,3,1.5,0.3,"pure_straight",0.8314
30,6,180,3,1.5,0.3,"acquiescent",0.8314
30,6,180,3,1.5,0.3,"mixed",0.3907
30,6,180,3,1.5,0.5,"clean",NA
30,6,180,3,1.5,0.5,"random",0.552
30,6,180,3,1.5,0.5,"longstring",0.2653
30,6,180,3,1.5,0.5,"pure_straight",0.8314
30,6,180,3,1.5,0.5,"acquiescent",0.8314
30,6,180,3,1.5,0.5,"mixed",0.3907
30,6,180,3,1.5,0.8,"clean",NA
30,6,180,3,1.5,0.8,"random",0.552
30,6,180,3,1.5,0.8,"longstring",0.2653
30,6,180,3,1.5,0.8,"pure_straight",0.8314
30,6,180,3,1.5,0.8,"acquiescent",0.8314
30,6,180,3,1.5,0.8,"mixed",0.5016
30,6,180,3,1.5,1,"clean",NA
30,6,180,3,1.5,1,"random",0.5303
30,6,180,3,1.5,1,"longstring",0.2277
30,6,180,3,1.5,1,"pure_straight",0.8062
30,6,180,3,1.5,1,"acquiescent",0.8062
30,6,180,3,1.5,1,"mixed",0.4762
30,6,180,3,1.5,1.5,"clean",NA
30,6,180,3,1.5,1.5,"random",0.6208
30,6,180,3,1.5,1.5,"longstring",0.213
30,6,180,3,1.5,1.5,"pure_straight",0.8062
30,6,180,3,1.5,1.5,"acquiescent",0.8062
30,6,180,3,1.5,1.5,"mixed",0.4762
30,6,180,3,2,0.3,"clean",NA
30,6,180,3,2,0.3,"random",0.552
30,6,180,3,2,0.3,"longstring",0.2653
30,6,180,3,2,0.3,"pure_straight",0.8314
30,6,180,3,2,0.3,"acquiescent",0.8314
30,6,180,3,2,0.3,"mixed",0.3907
30,6,180,3,2,0.5,"clean",NA
30,6,180,3,2,0.5,"random",0.552
30,6,180,3,2,0.5,"longstring",0.2653
30,6,180,3,2,0.5,"pure_straight",0.8314
30,6,180,3,2,0.5,"acquiescent",0.8314
30,6,180,3,2,0.5,"mixed",0.3907
30,6,180,3,2,0.8,"clean",NA
30,6,180,3,2,0.8,"random",0.5303
30,6,180,3,2,0.8,"longstring",0.2449
30,6,180,3,2,0.8,"pure_straight",0.8062
30,6,180,3,2,0.8,"acquiescent",0.8062
30,6,180,3,2,0.8,"mixed",0.4762
30,6,180,3,2,1,"clean",NA
30,6,180,3,2,1,"random",0.6208
30,6,180,3,2,1,"longstring",0.2277
30,6,180,3,2,1,"pure_straight",0.8062
30,6,180,3,2,1,"acquiescent",0.8062
30,6,180,3,2,1,"mixed",0.4762
30,6,180,3,2,1.5,"clean",NA
30,6,180,3,2,1.5,"random",0.6208
30,6,180,3,2,1.5,"longstring",0.3184
30,6,180,3,2,1.5,"pure_straight",0.8062
30,6,180,3,2,1.5,"acquiescent",0.8062
30,6,180,3,2,1.5,"mixed",0.4762
30,6,180,3,2.5,0.3,"clean",NA
30,6,180,3,2.5,0.3,"random",0.552
30,6,180,3,2.5,0.3,"longstring",0.2653
30,6,180,3,2.5,0.3,"pure_straight",0.8314
30,6,180,3,2.5,0.3,"acquiescent",0.8314
30,6,180,3,2.5,0.3,"mixed",0.3907
30,6,180,3,2.5,0.5,"clean",NA
30,6,180,3,2.5,0.5,"random",0.552
30,6,180,3,2.5,0.5,"longstring",0.2653
30,6,180,3,2.5,0.5,"pure_straight",0.8314
30,6,180,3,2.5,0.5,"acquiescent",0.8314
30,6,180,3,2.5,0.5,"mixed",0.3907
30,6,180,3,2.5,0.8,"clean",NA
30,6,180,3,2.5,0.8,"random",0.5303
30,6,180,3,2.5,0.8,"longstring",0.2277
30,6,180,3,2.5,0.8,"pure_straight",0.8062
30,6,180,3,2.5,0.8,"acquiescent",0.8062
30,6,180,3,2.5,0.8,"mixed",0.4762
30,6,180,3,2.5,1,"clean",NA
30,6,180,3,2.5,1,"random",0.6208
30,6,180,3,2.5,1,"longstring",0.213
30,6,180,3,2.5,1,"pure_straight",0.8062
30,6,180,3,2.5,1,"acquiescent",0.8062
30,6,180,3,2.5,1,"mixed",0.4762
30,6,180,3,2.5,1.5,"clean",NA
30,6,180,3,2.5,1.5,"random",0.5631
30,6,180,3,2.5,1.5,"longstring",0.2881
30,6,180,3,2.5,1.5,"pure_straight",0.7616
30,6,180,3,2.5,1.5,"acquiescent",0.7616
30,6,180,3,2.5,1.5,"mixed",0.4343
30,6,180,3,3,0.3,"clean",NA
30,6,180,3,3,0.3,"random",0.552
30,6,180,3,3,0.3,"longstring",0.2653
30,6,180,3,3,0.3,"pure_straight",0.8314
30,6,180,3,3,0.3,"acquiescent",0.8314
30,6,180,3,3,0.3,"mixed",0.3907
30,6,180,3,3,0.5,"clean",NA
30,6,180,3,3,0.5,"random",0.552
30,6,180,3,3,0.5,"longstring",0.2653
30,6,180,3,3,0.5,"pure_straight",0.8314
30,6,180,3,3,0.5,"acquiescent",0.8314
30,6,180,3,3,0.5,"mixed",0.3907
30,6,180,3,3,0.8,"clean",NA
30,6,180,3,3,0.8,"random",0.6208
30,6,180,3,3,0.8,"longstring",0.2277
30,6,180,3,3,0.8,"pure_straight",0.8062
30,6,180,3,3,0.8,"acquiescent",0.8062
30,6,180,3,3,0.8,"mixed",0.4762
30,6,180,3,3,1,"clean",NA
30,6,180,3,3,1,"random",0.6208
30,6,180,3,3,1,"longstring",0.3184
30,6,180,3,3,1,"pure_straight",0.8062
30,6,180,3,3,1,"acquiescent",0.8062
30,6,180,3,3,1,"mixed",0.4762
30,6,180,3,3,1.5,"clean",NA
30,6,180,3,3,1.5,"random",0.518
30,6,180,3,3,1.5,"longstring",0.2637
30,6,180,3,3,1.5,"pure_straight",0.723
30,6,180,3,3,1.5,"acquiescent",0.723
30,6,180,3,3,1.5,"mixed",0.4008
30,6,180,4,0,0.3,"clean",NA
30,6,180,4,0,0.3,"random",0.4326
30,6,180,4,0,0.3,"longstring",0.4084
30,6,180,4,0,0.3,"pure_straight",0.8062
30,6,180,4,0,0.3,"acquiescent",0.8062
30,6,180,4,0,0.3,"mixed",0.1016
30,6,180,4,0,0.5,"clean",NA
30,6,180,4,0,0.5,"random",0.4326
30,6,180,4,0,0.5,"longstring",0.4084
30,6,180,4,0,0.5,"pure_straight",0.8062
30,6,180,4,0,0.5,"acquiescent",0.8062
30,6,180,4,0,0.5,"mixed",0.1016
30,6,180,4,0,0.8,"clean",NA
30,6,180,4,0,0.8,"random",0.4326
30,6,180,4,0,0.8,"longstring",0.4084
30,6,180,4,0,0.8,"pure_straight",0.8062
30,6,180,4,0,0.8,"acquiescent",0.8062
30,6,180,4,0,0.8,"mixed",0.1016
30,6,180,4,0,1,"clean",NA
30,6,180,4,0,1,"random",0.4326
30,6,180,4,0,1,"longstring",0.4084
30,6,180,4,0,1,"pure_straight",0.8062
30,6,180,4,0,1,"acquiescent",0.8062
30,6,180,4,0,1,"mixed",0.1016
30,6,180,4,0,1.5,"clean",NA
30,6,180,4,0,1.5,"random",0.4326
30,6,180,4,0,1.5,"longstring",0.4084
30,6,180,4,0,1.5,"pure_straight",0.8062
30,6,180,4,0,1.5,"acquiescent",0.8062
30,6,180,4,0,1.5,"mixed",0.1016
30,6,180,4,0.5,0.3,"clean",NA
30,6,180,4,0.5,0.3,"random",0.4326
30,6,180,4,0.5,0.3,"longstring",0.4084
30,6,180,4,0.5,0.3,"pure_straight",0.8062
30,6,180,4,0.5,0.3,"acquiescent",0.8062
30,6,180,4,0.5,0.3,"mixed",0.1016
30,6,180,4,0.5,0.5,"clean",NA
30,6,180,4,0.5,0.5,"random",0.4326
30,6,180,4,0.5,0.5,"longstring",0.4084
30,6,180,4,0.5,0.5,"pure_straight",0.8062
30,6,180,4,0.5,0.5,"acquiescent",0.8062
30,6,180,4,0.5,0.5,"mixed",0.1016
30,6,180,4,0.5,0.8,"clean",NA
30,6,180,4,0.5,0.8,"random",0.4326
30,6,180,4,0.5,0.8,"longstring",0.4084
30,6,180,4,0.5,0.8,"pure_straight",0.8062
30,6,180,4,0.5,0.8,"acquiescent",0.8062
30,6,180,4,0.5,0.8,"mixed",0.1016
30,6,180,4,0.5,1,"clean",NA
30,6,180,4,0.5,1,"random",0.4326
30,6,180,4,0.5,1,"longstring",0.4084
30,6,180,4,0.5,1,"pure_straight",0.8062
30,6,180,4,0.5,1,"acquiescent",0.8062
30,6,180,4,0.5,1,"mixed",0.1016
30,6,180,4,0.5,1.5,"clean",NA
30,6,180,4,0.5,1.5,"random",0.4084
30,6,180,4,0.5,1.5,"longstring",0.3874
30,6,180,4,0.5,1.5,"pure_straight",0.783
30,6,180,4,0.5,1.5,"acquiescent",0.783
30,6,180,4,0.5,1.5,"mixed",0.094
30,6,180,4,1,0.3,"clean",NA
30,6,180,4,1,0.3,"random",0.4326
30,6,180,4,1,0.3,"longstring",0.4084
30,6,180,4,1,0.3,"pure_straight",0.8062
30,6,180,4,1,0.3,"acquiescent",0.8062
30,6,180,4,1,0.3,"mixed",0.1016
30,6,180,4,1,0.5,"clean",NA
30,6,180,4,1,0.5,"random",0.4326
30,6,180,4,1,0.5,"longstring",0.4084
30,6,180,4,1,0.5,"pure_straight",0.8062
30,6,180,4,1,0.5,"acquiescent",0.8062
30,6,180,4,1,0.5,"mixed",0.1016
30,6,180,4,1,0.8,"clean",NA
30,6,180,4,1,0.8,"random",0.4084
30,6,180,4,1,0.8,"longstring",0.3874
30,6,180,4,1,0.8,"pure_straight",0.783
30,6,180,4,1,0.8,"acquiescent",0.783
30,6,180,4,1,0.8,"mixed",0.094
30,6,180,4,1,1,"clean",NA
30,6,180,4,1,1,"random",0.3874
30,6,180,4,1,1,"longstring",0.369
30,6,180,4,1,1,"pure_straight",0.7616
30,6,180,4,1,1,"acquiescent",0.7616
30,6,180,4,1,1,"mixed",0.0873
30,6,180,4,1,1.5,"clean",NA
30,6,180,4,1,1.5,"random",0.3874
30,6,180,4,1,1.5,"longstring",0.369
30,6,180,4,1,1.5,"pure_straight",0.7616
30,6,180,4,1,1.5,"acquiescent",0.7616
30,6,180,4,1,1.5,"mixed",0.0813
30,6,180,4,1.5,0.3,"clean",NA
30,6,180,4,1.5,0.3,"random",0.4326
30,6,180,4,1.5,0.3,"longstring",0.4084
30,6,180,4,1.5,0.3,"pure_straight",0.8062
30,6,180,4,1.5,0.3,"acquiescent",0.8062
30,6,180,4,1.5,0.3,"mixed",0.1016
30,6,180,4,1.5,0.5,"clean",NA
30,6,180,4,1.5,0.5,"random",0.4326
30,6,180,4,1.5,0.5,"longstring",0.4084
30,6,180,4,1.5,0.5,"pure_straight",0.8062
30,6,180,4,1.5,0.5,"acquiescent",0.8062
30,6,180,4,1.5,0.5,"mixed",0.1016
30,6,180,4,1.5,0.8,"clean",NA
30,6,180,4,1.5,0.8,"random",0.3874
30,6,180,4,1.5,0.8,"longstring",0.369
30,6,180,4,1.5,0.8,"pure_straight",0.7616
30,6,180,4,1.5,0.8,"acquiescent",0.7616
30,6,180,4,1.5,0.8,"mixed",0.0873
30,6,180,4,1.5,1,"clean",NA
30,6,180,4,1.5,1,"random",0.3874
30,6,180,4,1.5,1,"longstring",0.369
30,6,180,4,1.5,1,"pure_straight",0.7616
30,6,180,4,1.5,1,"acquiescent",0.7616
30,6,180,4,1.5,1,"mixed",0.0813
30,6,180,4,1.5,1.5,"clean",NA
30,6,180,4,1.5,1.5,"random",0.369
30,6,180,4,1.5,1.5,"longstring",0.369
30,6,180,4,1.5,1.5,"pure_straight",0.7616
30,6,180,4,1.5,1.5,"acquiescent",0.7616
30,6,180,4,1.5,1.5,"mixed",0.1894
30,6,180,4,2,0.3,"clean",NA
30,6,180,4,2,0.3,"random",0.4326
30,6,180,4,2,0.3,"longstring",0.4084
30,6,180,4,2,0.3,"pure_straight",0.8062
30,6,180,4,2,0.3,"acquiescent",0.8062
30,6,180,4,2,0.3,"mixed",0.1016
30,6,180,4,2,0.5,"clean",NA
30,6,180,4,2,0.5,"random",0.4326
30,6,180,4,2,0.5,"longstring",0.4084
30,6,180,4,2,0.5,"pure_straight",0.8062
30,6,180,4,2,0.5,"acquiescent",0.8062
30,6,180,4,2,0.5,"mixed",0.1016
30,6,180,4,2,0.8,"clean",NA
30,6,180,4,2,0.8,"random",0.3874
30,6,180,4,2,0.8,"longstring",0.369
30,6,180,4,2,0.8,"pure_straight",0.7616
30,6,180,4,2,0.8,"acquiescent",0.7616
30,6,180,4,2,0.8,"mixed",0.0813
30,6,180,4,2,1,"clean",NA
30,6,180,4,2,1,"random",0.3874
30,6,180,4,2,1,"longstring",0.369
30,6,180,4,2,1,"pure_straight",0.7616
30,6,180,4,2,1,"acquiescent",0.7616
30,6,180,4,2,1,"mixed",0.0813
30,6,180,4,2,1.5,"clean",NA
30,6,180,4,2,1.5,"random",0.3528
30,6,180,4,2,1.5,"longstring",0.3528
30,6,180,4,2,1.5,"pure_straight",0.7416
30,6,180,4,2,1.5,"acquiescent",0.7416
30,6,180,4,2,1.5,"mixed",0.2796
30,6,180,4,2.5,0.3,"clean",NA
30,6,180,4,2.5,0.3,"random",0.4326
30,6,180,4,2.5,0.3,"longstring",0.4084
30,6,180,4,2.5,0.3,"pure_straight",0.8062
30,6,180,4,2.5,0.3,"acquiescent",0.8062
30,6,180,4,2.5,0.3,"mixed",0.1016
30,6,180,4,2.5,0.5,"clean",NA
30,6,180,4,2.5,0.5,"random",0.4326
30,6,180,4,2.5,0.5,"longstring",0.4084
30,6,180,4,2.5,0.5,"pure_straight",0.8062
30,6,180,4,2.5,0.5,"acquiescent",0.8062
30,6,180,4,2.5,0.5,"mixed",0.1016
30,6,180,4,2.5,0.8,"clean",NA
30,6,180,4,2.5,0.8,"random",0.3874
30,6,180,4,2.5,0.8,"longstring",0.369
30,6,180,4,2.5,0.8,"pure_straight",0.7616
30,6,180,4,2.5,0.8,"acquiescent",0.7616
30,6,180,4,2.5,0.8,"mixed",0.0813
30,6,180,4,2.5,1,"clean",NA
30,6,180,4,2.5,1,"random",0.369
30,6,180,4,2.5,1,"longstring",0.369
30,6,180,4,2.5,1,"pure_straight",0.7616
30,6,180,4,2.5,1,"acquiescent",0.7616
30,6,180,4,2.5,1,"mixed",0.1894
30,6,180,4,2.5,1.5,"clean",NA
30,6,180,4,2.5,1.5,"random",0.3382
30,6,180,4,2.5,1.5,"longstring",0.5464
30,6,180,4,2.5,1.5,"pure_straight",0.723
30,6,180,4,2.5,1.5,"acquiescent",0.723
30,6,180,4,2.5,1.5,"mixed",0.2693
30,6,180,4,3,0.3,"clean",NA
30,6,180,4,3,0.3,"random",0.4326
30,6,180,4,3,0.3,"longstring",0.4084
30,6,180,4,3,0.3,"pure_straight",0.8062
30,6,180,4,3,0.3,"acquiescent",0.8062
30,6,180,4,3,0.3,"mixed",0.1016
30,6,180,4,3,0.5,"clean",NA
30,6,180,4,3,0.5,"random",0.4326
30,6,180,4,3,0.5,"longstring",0.4084
30,6,180,4,3,0.5,"pure_straight",0.8062
30,6,180,4,3,0.5,"acquiescent",0.8062
30,6,180,4,3,0.5,"mixed",0.1016
30,6,180,4,3,0.8,"clean",NA
30,6,180,4,3,0.8,"random",0.3874
30,6,180,4,3,0.8,"longstring",0.369
30,6,180,4,3,0.8,"pure_straight",0.7616
30,6,180,4,3,0.8,"acquiescent",0.7616
30,6,180,4,3,0.8,"mixed",0.0813
30,6,180,4,3,1,"clean",NA
30,6,180,4,3,1,"random",0.369
30,6,180,4,3,1,"longstring",0.369
30,6,180,4,3,1,"pure_straight",0.7616
30,6,180,4,3,1,"acquiescent",0.7616
30,6,180,4,3,1,"mixed",0.1894
30,6,180,4,3,1.5,"clean",NA
30,6,180,4,3,1.5,"random",0.325
30,6,180,4,3,1.5,"longstring",0.513
30,6,180,4,3,1.5,"pure_straight",0.7056
30,6,180,4,3,1.5,"acquiescent",0.7056
30,6,180,4,3,1.5,"mixed",0.3497
30,6,180,5,0,0.3,"clean",NA
30,6,180,5,0,0.3,"random",0.4158
30,6,180,5,0,0.3,"longstring",0.3683
30,6,180,5,0,0.3,"pure_straight",0.783
30,6,180,5,0,0.3,"acquiescent",0.783
30,6,180,5,0,0.3,"mixed",0.213
30,6,180,5,0,0.5,"clean",NA
30,6,180,5,0,0.5,"random",0.4158
30,6,180,5,0,0.5,"longstring",0.3683
30,6,180,5,0,0.5,"pure_straight",0.783
30,6,180,5,0,0.5,"acquiescent",0.783
30,6,180,5,0,0.5,"mixed",0.213
30,6,180,5,0,0.8,"clean",NA
30,6,180,5,0,0.8,"random",0.4158
30,6,180,5,0,0.8,"longstring",0.3683
30,6,180,5,0,0.8,"pure_straight",0.783
30,6,180,5,0,0.8,"acquiescent",0.783
30,6,180,5,0,0.8,"mixed",0.213
30,6,180,5,0,1,"clean",NA
30,6,180,5,0,1,"random",0.4158
30,6,180,5,0,1,"longstring",0.3683
30,6,180,5,0,1,"pure_straight",0.783
30,6,180,5,0,1,"acquiescent",0.783
30,6,180,5,0,1,"mixed",0.213
30,6,180,5,0,1.5,"clean",NA
30,6,180,5,0,1.5,"random",0.4158
30,6,180,5,0,1.5,"longstring",0.3683
30,6,180,5,0,1.5,"pure_straight",0.783
30,6,180,5,0,1.5,"acquiescent",0.783
30,6,180,5,0,1.5,"mixed",0.213
30,6,180,5,0.5,0.3,"clean",NA
30,6,180,5,0.5,0.3,"random",0.4158
30,6,180,5,0.5,0.3,"longstring",0.3683
30,6,180,5,0.5,0.3,"pure_straight",0.783
30,6,180,5,0.5,0.3,"acquiescent",0.783
30,6,180,5,0.5,0.3,"mixed",0.213
30,6,180,5,0.5,0.5,"clean",NA
30,6,180,5,0.5,0.5,"random",0.4158
30,6,180,5,0.5,0.5,"longstring",0.3683
30,6,180,5,0.5,0.5,"pure_straight",0.783
30,6,180,5,0.5,0.5,"acquiescent",0.783
30,6,180,5,0.5,0.5,"mixed",0.213
30,6,180,5,0.5,0.8,"clean",NA
30,6,180,5,0.5,0.8,"random",0.5064
30,6,180,5,0.5,0.8,"longstring",0.3683
30,6,180,5,0.5,0.8,"pure_straight",0.783
30,6,180,5,0.5,0.8,"acquiescent",0.783
30,6,180,5,0.5,0.8,"mixed",0.213
30,6,180,5,0.5,1,"clean",NA
30,6,180,5,0.5,1,"random",0.5064
30,6,180,5,0.5,1,"longstring",0.3683
30,6,180,5,0.5,1,"pure_straight",0.783
30,6,180,5,0.5,1,"acquiescent",0.783
30,6,180,5,0.5,1,"mixed",0.213
30,6,180,5,0.5,1.5,"clean",NA
30,6,180,5,0.5,1.5,"random",0.5064
30,6,180,5,0.5,1.5,"longstring",0.3683
30,6,180,5,0.5,1.5,"pure_straight",0.783
30,6,180,5,0.5,1.5,"acquiescent",0.783
30,6,180,5,0.5,1.5,"mixed",0.3184
30,6,180,5,1,0.3,"clean",NA
30,6,180,5,1,0.3,"random",0.4158
30,6,180,5,1,0.3,"longstring",0.3683
30,6,180,5,1,0.3,"pure_straight",0.783
30,6,180,5,1,0.3,"acquiescent",0.783
30,6,180,5,1,0.3,"mixed",0.213
30,6,180,5,1,0.5,"clean",NA
30,6,180,5,1,0.5,"random",0.5064
30,6,180,5,1,0.5,"longstring",0.3683
30,6,180,5,1,0.5,"pure_straight",0.783
30,6,180,5,1,0.5,"acquiescent",0.783
30,6,180,5,1,0.5,"mixed",0.213
30,6,180,5,1,0.8,"clean",NA
30,6,180,5,1,0.8,"random",0.5064
30,6,180,5,1,0.8,"longstring",0.3683
30,6,180,5,1,0.8,"pure_straight",0.783
30,6,180,5,1,0.8,"acquiescent",0.783
30,6,180,5,1,0.8,"mixed",0.3184
30,6,180,5,1,1,"clean",NA
30,6,180,5,1,1,"random",0.5064
30,6,180,5,1,1,"longstring",0.3683
30,6,180,5,1,1,"pure_straight",0.783
30,6,180,5,1,1,"acquiescent",0.783
30,6,180,5,1,1,"mixed",0.3184
30,6,180,5,1,1.5,"clean",NA
30,6,180,5,1,1.5,"random",0.5915
30,6,180,5,1,1.5,"longstring",0.3683
30,6,180,5,1,1.5,"pure_straight",0.783
30,6,180,5,1,1.5,"acquiescent",0.783
30,6,180,5,1,1.5,"mixed",0.4158
30,6,180,5,1.5,0.3,"clean",NA
30,6,180,5,1.5,0.3,"random",0.4158
30,6,180,5,1.5,0.3,"longstring",0.3683
30,6,180,5,1.5,0.3,"pure_straight",0.783
30,6,180,5,1.5,0.3,"acquiescent",0.783
30,6,180,5,1.5,0.3,"mixed",0.213
30,6,180,5,1.5,0.5,"clean",NA
30,6,180,5,1.5,0.5,"random",0.5064
30,6,180,5,1.5,0.5,"longstring",0.3683
30,6,180,5,1.5,0.5,"pure_straight",0.783
30,6,180,5,1.5,0.5,"acquiescent",0.783
30,6,180,5,1.5,0.5,"mixed",0.213
30,6,180,5,1.5,0.8,"clean",NA
30,6,180,5,1.5,0.8,"random",0.5064
30,6,180,5,1.5,0.8,"longstring",0.3683
30,6,180,5,1.5,0.8,"pure_straight",0.783
30,6,180,5,1.5,0.8,"acquiescent",0.783
30,6,180,5,1.5,0.8,"mixed",0.3184
30,6,180,5,1.5,1,"clean",NA
30,6,180,5,1.5,1,"random",0.5915
30,6,180,5,1.5,1,"longstring",0.3683
30,6,180,5,1.5,1,"pure_straight",0.783
30,6,180,5,1.5,1,"acquiescent",0.783
30,6,180,5,1.5,1,"mixed",0.3184
30,6,180,5,1.5,1.5,"clean",NA
30,6,180,5,1.5,1.5,"random",0.5698
30,6,180,5,1.5,1.5,"longstring",0.3318
30,6,180,5,1.5,1.5,"pure_straight",0.7616
30,6,180,5,1.5,1.5,"acquiescent",0.7616
30,6,180,5,1.5,1.5,"mixed",0.4861
30,6,180,5,2,0.3,"clean",NA
30,6,180,5,2,0.3,"random",0.4158
30,6,180,5,2,0.3,"longstring",0.3683
30,6,180,5,2,0.3,"pure_straight",0.783
30,6,180,5,2,0.3,"acquiescent",0.783
30,6,180,5,2,0.3,"mixed",0.213
30,6,180,5,2,0.5,"clean",NA
30,6,180,5,2,0.5,"random",0.5064
30,6,180,5,2,0.5,"longstring",0.3683
30,6,180,5,2,0.5,"pure_straight",0.783
30,6,180,5,2,0.5,"acquiescent",0.783
30,6,180,5,2,0.5,"mixed",0.213
30,6,180,5,2,0.8,"clean",NA
30,6,180,5,2,0.8,"random",0.5064
30,6,180,5,2,0.8,"longstring",0.3683
30,6,180,5,2,0.8,"pure_straight",0.783
30,6,180,5,2,0.8,"acquiescent",0.783
30,6,180,5,2,0.8,"mixed",0.3184
30,6,180,5,2,1,"clean",NA
30,6,180,5,2,1,"random",0.5915
30,6,180,5,2,1,"longstring",0.3683
30,6,180,5,2,1,"pure_straight",0.783
30,6,180,5,2,1,"acquiescent",0.783
30,6,180,5,2,1,"mixed",0.5064
30,6,180,5,2,1.5,"clean",NA
30,6,180,5,2,1.5,"random",0.5698
30,6,180,5,2,1.5,"longstring",0.4343
30,6,180,5,2,1.5,"pure_straight",0.7616
30,6,180,5,2,1.5,"acquiescent",0.7616
30,6,180,5,2,1.5,"mixed",0.4861
30,6,180,5,2.5,0.3,"clean",NA
30,6,180,5,2.5,0.3,"random",0.4158
30,6,180,5,2.5,0.3,"longstring",0.3683
30,6,180,5,2.5,0.3,"pure_straight",0.783
30,6,180,5,2.5,0.3,"acquiescent",0.783
30,6,180,5,2.5,0.3,"mixed",0.213
30,6,180,5,2.5,0.5,"clean",NA
30,6,180,5,2.5,0.5,"random",0.5064
30,6,180,5,2.5,0.5,"longstring",0.3683
30,6,180,5,2.5,0.5,"pure_straight",0.783
30,6,180,5,2.5,0.5,"acquiescent",0.783
30,6,180,5,2.5,0.5,"mixed",0.213
30,6,180,5,2.5,0.8,"clean",NA
30,6,180,5,2.5,0.8,"random",0.5915
30,6,180,5,2.5,0.8,"longstring",0.3683
30,6,180,5,2.5,0.8,"pure_straight",0.783
30,6,180,5,2.5,0.8,"acquiescent",0.783
30,6,180,5,2.5,0.8,"mixed",0.3184
30,6,180,5,2.5,1,"clean",NA
30,6,180,5,2.5,1,"random",0.5698
30,6,180,5,2.5,1,"longstring",0.3318
30,6,180,5,2.5,1,"pure_straight",0.7616
30,6,180,5,2.5,1,"acquiescent",0.7616
30,6,180,5,2.5,1,"mixed",0.4861
30,6,180,5,2.5,1.5,"clean",NA
30,6,180,5,2.5,1.5,"random",0.6094
30,6,180,5,2.5,1.5,"longstring",0.4008
30,6,180,5,2.5,1.5,"pure_straight",0.723
30,6,180,5,2.5,1.5,"acquiescent",0.723
30,6,180,5,2.5,1.5,"mixed",0.4511
30,6,180,5,3,0.3,"clean",NA
30,6,180,5,3,0.3,"random",0.4158
30,6,180,5,3,0.3,"longstring",0.3683
30,6,180,5,3,0.3,"pure_straight",0.783
30,6,180,5,3,0.3,"acquiescent",0.783
30,6,180,5,3,0.3,"mixed",0.213
30,6,180,5,3,0.5,"clean",NA
30,6,180,5,3,0.5,"random",0.5064
30,6,180,5,3,0.5,"longstring",0.3683
30,6,180,5,3,0.5,"pure_straight",0.783
30,6,180,5,3,0.5,"acquiescent",0.783
30,6,180,5,3,0.5,"mixed",0.3184
30,6,180,5,3,0.8,"clean",NA
30,6,180,5,3,0.8,"random",0.5915
30,6,180,5,3,0.8,"longstring",0.3683
30,6,180,5,3,0.8,"pure_straight",0.783
30,6,180,5,3,0.8,"acquiescent",0.783
30,6,180,5,3,0.8,"mixed",0.4158
30,6,180,5,3,1,"clean",NA
30,6,180,5,3,1,"random",0.5698
30,6,180,5,3,1,"longstring",0.4343
30,6,180,5,3,1,"pure_straight",0.7616
30,6,180,5,3,1,"acquiescent",0.7616
30,6,180,5,3,1,"mixed",0.4861
30,6,180,5,3,1.5,"clean",NA
30,6,180,5,3,1.5,"random",0.5465
30,6,180,5,3,1.5,"longstring",0.3497
30,6,180,5,3,1.5,"pure_straight",0.6593
30,6,180,5,3,1.5,"acquiescent",0.6593
30,6,180,5,3,1.5,"mixed",0.397
8,10,80,1,0,0.3,"clean",NA
8,10,80,1,0,0.3,"random",0.1495
8,10,80,1,0,0.3,"longstring",0.132
8,10,80,1,0,0.3,"pure_straight",0.2582
8,10,80,1,0,0.3,"acquiescent",0.2582
8,10,80,1,0,0.3,"mixed",0.1081
8,10,80,1,0,0.5,"clean",NA
8,10,80,1,0,0.5,"random",0.1495
8,10,80,1,0,0.5,"longstring",0.132
8,10,80,1,0,0.5,"pure_straight",0.2582
8,10,80,1,0,0.5,"acquiescent",0.2582
8,10,80,1,0,0.5,"mixed",0.1081
8,10,80,1,0,0.8,"clean",NA
8,10,80,1,0,0.8,"random",0.1495
8,10,80,1,0,0.8,"longstring",0.132
8,10,80,1,0,0.8,"pure_straight",0.2582
8,10,80,1,0,0.8,"acquiescent",0.2582
8,10,80,1,0,0.8,"mixed",0.1081
8,10,80,1,0,1,"clean",NA
8,10,80,1,0,1,"random",0.1495
8,10,80,1,0,1,"longstring",0.132
8,10,80,1,0,1,"pure_straight",0.2582
8,10,80,1,0,1,"acquiescent",0.2582
8,10,80,1,0,1,"mixed",0.1081
8,10,80,1,0,1.5,"clean",NA
8,10,80,1,0,1.5,"random",0.1495
8,10,80,1,0,1.5,"longstring",0.132
8,10,80,1,0,1.5,"pure_straight",0.2582
8,10,80,1,0,1.5,"acquiescent",0.2582
8,10,80,1,0,1.5,"mixed",0.1081
8,10,80,1,0.5,0.3,"clean",NA
8,10,80,1,0.5,0.3,"random",0.1495
8,10,80,1,0.5,0.3,"longstring",0.132
8,10,80,1,0.5,0.3,"pure_straight",0.2582
8,10,80,1,0.5,0.3,"acquiescent",0.2582
8,10,80,1,0.5,0.3,"mixed",0.1081
8,10,80,1,0.5,0.5,"clean",NA
8,10,80,1,0.5,0.5,"random",0.1495
8,10,80,1,0.5,0.5,"longstring",0.132
8,10,80,1,0.5,0.5,"pure_straight",0.2582
8,10,80,1,0.5,0.5,"acquiescent",0.2582
8,10,80,1,0.5,0.5,"mixed",0.1081
8,10,80,1,0.5,0.8,"clean",NA
8,10,80,1,0.5,0.8,"random",0.1479
8,10,80,1,0.5,0.8,"longstring",0.1306
8,10,80,1,0.5,0.8,"pure_straight",0.2561
8,10,80,1,0.5,0.8,"acquiescent",0.2561
8,10,80,1,0.5,0.8,"mixed",0.1068
8,10,80,1,0.5,1,"clean",NA
8,10,80,1,0.5,1,"random",0.1479
8,10,80,1,0.5,1,"longstring",0.1306
8,10,80,1,0.5,1,"pure_straight",0.2561
8,10,80,1,0.5,1,"acquiescent",0.2561
8,10,80,1,0.5,1,"mixed",0.1068
8,10,80,1,0.5,1.5,"clean",NA
8,10,80,1,0.5,1.5,"random",0.1479
8,10,80,1,0.5,1.5,"longstring",0.1306
8,10,80,1,0.5,1.5,"pure_straight",0.2561
8,10,80,1,0.5,1.5,"acquiescent",0.2561
8,10,80,1,0.5,1.5,"mixed",0.1068
8,10,80,1,1,0.3,"clean",NA
8,10,80,1,1,0.3,"random",0.1495
8,10,80,1,1,0.3,"longstring",0.132
8,10,80,1,1,0.3,"pure_straight",0.2582
8,10,80,1,1,0.3,"acquiescent",0.2582
8,10,80,1,1,0.3,"mixed",0.1081
8,10,80,1,1,0.5,"clean",NA
8,10,80,1,1,0.5,"random",0.1495
8,10,80,1,1,0.5,"longstring",0.132
8,10,80,1,1,0.5,"pure_straight",0.2582
8,10,80,1,1,0.5,"acquiescent",0.2582
8,10,80,1,1,0.5,"mixed",0.1081
8,10,80,1,1,0.8,"clean",NA
8,10,80,1,1,0.8,"random",0.1479
8,10,80,1,1,0.8,"longstring",0.1306
8,10,80,1,1,0.8,"pure_straight",0.2561
8,10,80,1,1,0.8,"acquiescent",0.2561
8,10,80,1,1,0.8,"mixed",0.1068
8,10,80,1,1,1,"clean",NA
8,10,80,1,1,1,"random",0.1434
8,10,80,1,1,1,"longstring",0.1263
8,10,80,1,1,1,"pure_straight",0.25
8,10,80,1,1,1,"acquiescent",0.25
8,10,80,1,1,1,"mixed",0.103
8,10,80,1,1,1.5,"clean",NA
8,10,80,1,1,1.5,"random",0.136
8,10,80,1,1,1.5,"longstring",0.1195
8,10,80,1,1,1.5,"pure_straight",0.2402
8,10,80,1,1,1.5,"acquiescent",0.2402
8,10,80,1,1,1.5,"mixed",0.097
8,10,80,1,1.5,0.3,"clean",NA
8,10,80,1,1.5,0.3,"random",0.1495
8,10,80,1,1.5,0.3,"longstring",0.132
8,10,80,1,1.5,0.3,"pure_straight",0.2582
8,10,80,1,1.5,0.3,"acquiescent",0.2582
8,10,80,1,1.5,0.3,"mixed",0.1081
8,10,80,1,1.5,0.5,"clean",NA
8,10,80,1,1.5,0.5,"random",0.1495
8,10,80,1,1.5,0.5,"longstring",0.132
8,10,80,1,1.5,0.5,"pure_straight",0.2582
8,10,80,1,1.5,0.5,"acquiescent",0.2582
8,10,80,1,1.5,0.5,"mixed",0.1081
8,10,80,1,1.5,0.8,"clean",NA
8,10,80,1,1.5,0.8,"random",0.1464
8,10,80,1,1.5,0.8,"longstring",0.1291
8,10,80,1,1.5,0.8,"pure_straight",0.2541
8,10,80,1,1.5,0.8,"acquiescent",0.2541
8,10,80,1,1.5,0.8,"mixed",0.1055
8,10,80,1,1.5,1,"clean",NA
8,10,80,1,1.5,1,"random",0.1389
8,10,80,1,1.5,1,"longstring",0.1732
8,10,80,1,1.5,1,"pure_straight",0.2441
8,10,80,1,1.5,1,"acquiescent",0.2441
8,10,80,1,1.5,1,"mixed",0.0994
8,10,80,1,1.5,1.5,"clean",NA
8,10,80,1,1.5,1.5,"random",0.1289
8,10,80,1,1.5,1.5,"longstring",0.1638
8,10,80,1,1.5,1.5,"pure_straight",0.2308
8,10,80,1,1.5,1.5,"acquiescent",0.2308
8,10,80,1,1.5,1.5,"mixed",0.0911
8,10,80,1,2,0.3,"clean",NA
8,10,80,1,2,0.3,"random",0.1495
8,10,80,1,2,0.3,"longstring",0.132
8,10,80,1,2,0.3,"pure_straight",0.2582
8,10,80,1,2,0.3,"acquiescent",0.2582
8,10,80,1,2,0.3,"mixed",0.1081
8,10,80,1,2,0.5,"clean",NA
8,10,80,1,2,0.5,"random",0.1479
8,10,80,1,2,0.5,"longstring",0.1306
8,10,80,1,2,0.5,"pure_straight",0.2561
8,10,80,1,2,0.5,"acquiescent",0.2561
8,10,80,1,2,0.5,"mixed",0.1068
8,10,80,1,2,0.8,"clean",NA
8,10,80,1,2,0.8,"random",0.1404
8,10,80,1,2,0.8,"longstring",0.1746
8,10,80,1,2,0.8,"pure_straight",0.246
8,10,80,1,2,0.8,"acquiescent",0.246
8,10,80,1,2,0.8,"mixed",0.1006
8,10,80,1,2,1,"clean",NA
8,10,80,1,2,1,"random",0.136
8,10,80,1,2,1,"longstring",0.1705
8,10,80,1,2,1,"pure_straight",0.2402
8,10,80,1,2,1,"acquiescent",0.2402
8,10,80,1,2,1,"mixed",0.097
8,10,80,1,2,1.5,"clean",NA
8,10,80,1,2,1.5,"random",0.1194
8,10,80,1,2,1.5,"longstring",0.1537
8,10,80,1,2,1.5,"pure_straight",0.2183
8,10,80,1,2,1.5,"acquiescent",0.2183
8,10,80,1,2,1.5,"mixed",0.0831
8,10,80,1,2.5,0.3,"clean",NA
8,10,80,1,2.5,0.3,"random",0.1495
8,10,80,1,2.5,0.3,"longstring",0.132
8,10,80,1,2.5,0.3,"pure_straight",0.2582
8,10,80,1,2.5,0.3,"acquiescent",0.2582
8,10,80,1,2.5,0.3,"mixed",0.1081
8,10,80,1,2.5,0.5,"clean",NA
8,10,80,1,2.5,0.5,"random",0.1479
8,10,80,1,2.5,0.5,"longstring",0.1306
8,10,80,1,2.5,0.5,"pure_straight",0.2561
8,10,80,1,2.5,0.5,"acquiescent",0.2561
8,10,80,1,2.5,0.5,"mixed",0.1068
8,10,80,1,2.5,0.8,"clean",NA
8,10,80,1,2.5,0.8,"random",0.1389
8,10,80,1,2.5,0.8,"longstring",0.1732
8,10,80,1,2.5,0.8,"pure_straight",0.2441
8,10,80,1,2.5,0.8,"acquiescent",0.2441
8,10,80,1,2.5,0.8,"mixed",0.0994
8,10,80,1,2.5,1,"clean",NA
8,10,80,1,2.5,1,"random",0.1332
8,10,80,1,2.5,1,"longstring",0.1678
8,10,80,1,2.5,1,"pure_straight",0.2364
8,10,80,1,2.5,1,"acquiescent",0.2364
8,10,80,1,2.5,1,"mixed",0.0946
8,10,80,1,2.5,1.5,"clean",NA
8,10,80,1,2.5,1.5,"random",0.1141
8,10,80,1,2.5,1.5,"longstring",0.1489
8,10,80,1,2.5,1.5,"pure_straight",0.2115
8,10,80,1,2.5,1.5,"acquiescent",0.2115
8,10,80,1,2.5,1.5,"mixed",0.0787
8,10,80,1,3,0.3,"clean",NA
8,10,80,1,3,0.3,"random",0.1495
8,10,80,1,3,0.3,"longstring",0.132
8,10,80,1,3,0.3,"pure_straight",0.2582
8,10,80,1,3,0.3,"acquiescent",0.2582
8,10,80,1,3,0.3,"mixed",0.1081
8,10,80,1,3,0.5,"clean",NA
8,10,80,1,3,0.5,"random",0.1479
8,10,80,1,3,0.5,"longstring",0.1306
8,10,80,1,3,0.5,"pure_straight",0.2561
8,10,80,1,3,0.5,"acquiescent",0.2561
8,10,80,1,3,0.5,"mixed",0.1068
8,10,80,1,3,0.8,"clean",NA
8,10,80,1,3,0.8,"random",0.136
8,10,80,1,3,0.8,"longstring",0.1705
8,10,80,1,3,0.8,"pure_straight",0.2402
8,10,80,1,3,0.8,"acquiescent",0.2402
8,10,80,1,3,0.8,"mixed",0.097
8,10,80,1,3,1,"clean",NA
8,10,80,1,3,1,"random",0.1275
8,10,80,1,3,1,"longstring",0.1625
8,10,80,1,3,1,"pure_straight",0.229
8,10,80,1,3,1,"acquiescent",0.229
8,10,80,1,3,1,"mixed",0.0899
8,10,80,1,3,1.5,"clean",NA
8,10,80,1,3,1.5,"random",0.1561
8,10,80,1,3,1.5,"longstring",0.1442
8,10,80,1,3,1.5,"pure_straight",0.2049
8,10,80,1,3,1.5,"acquiescent",0.2049
8,10,80,1,3,1.5,"mixed",0.0743
8,10,80,2,0,0.3,"clean",NA
8,10,80,2,0,0.3,"random",0.0838
8,10,80,2,0,0.3,"longstring",0.0988
8,10,80,2,0,0.3,"pure_straight",0.1905
8,10,80,2,0,0.3,"acquiescent",0.1544
8,10,80,2,0,0.3,"mixed",0.1452
8,10,80,2,0,0.5,"clean",NA
8,10,80,2,0,0.5,"random",0.0838
8,10,80,2,0,0.5,"longstring",0.0988
8,10,80,2,0,0.5,"pure_straight",0.1905
8,10,80,2,0,0.5,"acquiescent",0.1544
8,10,80,2,0,0.5,"mixed",0.1452
8,10,80,2,0,0.8,"clean",NA
8,10,80,2,0,0.8,"random",0.0838
8,10,80,2,0,0.8,"longstring",0.0988
8,10,80,2,0,0.8,"pure_straight",0.1905
8,10,80,2,0,0.8,"acquiescent",0.1544
8,10,80,2,0,0.8,"mixed",0.1452
8,10,80,2,0,1,"clean",NA
8,10,80,2,0,1,"random",0.0838
8,10,80,2,0,1,"longstring",0.0988
8,10,80,2,0,1,"pure_straight",0.1905
8,10,80,2,0,1,"acquiescent",0.1544
8,10,80,2,0,1,"mixed",0.1452
8,10,80,2,0,1.5,"clean",NA
8,10,80,2,0,1.5,"random",0.0838
8,10,80,2,0,1.5,"longstring",0.0988
8,10,80,2,0,1.5,"pure_straight",0.1905
8,10,80,2,0,1.5,"acquiescent",0.1544
8,10,80,2,0,1.5,"mixed",0.1452
8,10,80,2,0.5,0.3,"clean",NA
8,10,80,2,0.5,0.3,"random",0.0838
8,10,80,2,0.5,0.3,"longstring",0.0988
8,10,80,2,0.5,0.3,"pure_straight",0.1905
8,10,80,2,0.5,0.3,"acquiescent",0.1544
8,10,80,2,0.5,0.3,"mixed",0.1452
8,10,80,2,0.5,0.5,"clean",NA
8,10,80,2,0.5,0.5,"random",0.0838
8,10,80,2,0.5,0.5,"longstring",0.0988
8,10,80,2,0.5,0.5,"pure_straight",0.1905
8,10,80,2,0.5,0.5,"acquiescent",0.1544
8,10,80,2,0.5,0.5,"mixed",0.1452
8,10,80,2,0.5,0.8,"clean",NA
8,10,80,2,0.5,0.8,"random",0.0827
8,10,80,2,0.5,0.8,"longstring",0.0976
8,10,80,2,0.5,0.8,"pure_straight",0.189
8,10,80,2,0.5,0.8,"acquiescent",0.1528
8,10,80,2,0.5,0.8,"mixed",0.144
8,10,80,2,0.5,1,"clean",NA
8,10,80,2,0.5,1,"random",0.0815
8,10,80,2,0.5,1,"longstring",0.0963
8,10,80,2,0.5,1,"pure_straight",0.1874
8,10,80,2,0.5,1,"acquiescent",0.1512
8,10,80,2,0.5,1,"mixed",0.1429
8,10,80,2,0.5,1.5,"clean",NA
8,10,80,2,0.5,1.5,"random",0.078
8,10,80,2,0.5,1.5,"longstring",0.0914
8,10,80,2,0.5,1.5,"pure_straight",0.1829
8,10,80,2,0.5,1.5,"acquiescent",0.1464
8,10,80,2,0.5,1.5,"mixed",0.1394
8,10,80,2,1,0.3,"clean",NA
8,10,80,2,1,0.3,"random",0.0838
8,10,80,2,1,0.3,"longstring",0.0988
8,10,80,2,1,0.3,"pure_straight",0.1905
8,10,80,2,1,0.3,"acquiescent",0.1544
8,10,80,2,1,0.3,"mixed",0.1452
8,10,80,2,1,0.5,"clean",NA
8,10,80,2,1,0.5,"random",0.0838
8,10,80,2,1,0.5,"longstring",0.0988
8,10,80,2,1,0.5,"pure_straight",0.1905
8,10,80,2,1,0.5,"acquiescent",0.1544
8,10,80,2,1,0.5,"mixed",0.1452
8,10,80,2,1,0.8,"clean",NA
8,10,80,2,1,0.8,"random",0.078
8,10,80,2,1,0.8,"longstring",0.0926
8,10,80,2,1,0.8,"pure_straight",0.1829
8,10,80,2,1,0.8,"acquiescent",0.1464
8,10,80,2,1,0.8,"mixed",0.1394
8,10,80,2,1,1,"clean",NA
8,10,80,2,1,1,"random",0.0769
8,10,80,2,1,1,"longstring",0.0902
8,10,80,2,1,1,"pure_straight",0.1814
8,10,80,2,1,1,"acquiescent",0.1449
8,10,80,2,1,1,"mixed",0.1382
8,10,80,2,1,1.5,"clean",NA
8,10,80,2,1,1.5,"random",0.0746
8,10,80,2,1,1.5,"longstring",0.0877
8,10,80,2,1,1.5,"pure_straight",0.1784
8,10,80,2,1,1.5,"acquiescent",0.1417
8,10,80,2,1,1.5,"mixed",0.136
8,10,80,2,1.5,0.3,"clean",NA
8,10,80,2,1.5,0.3,"random",0.0838
8,10,80,2,1.5,0.3,"longstring",0.0988
8,10,80,2,1.5,0.3,"pure_straight",0.1905
8,10,80,2,1.5,0.3,"acquiescent",0.1544
8,10,80,2,1.5,0.3,"mixed",0.1452
8,10,80,2,1.5,0.5,"clean",NA
8,10,80,2,1.5,0.5,"random",0.0827
8,10,80,2,1.5,0.5,"longstring",0.0976
8,10,80,2,1.5,0.5,"pure_straight",0.189
8,10,80,2,1.5,0.5,"acquiescent",0.1528
8,10,80,2,1.5,0.5,"mixed",0.144
8,10,80,2,1.5,0.8,"clean",NA
8,10,80,2,1.5,0.8,"random",0.0769
8,10,80,2,1.5,0.8,"longstring",0.0902
8,10,80,2,1.5,0.8,"pure_straight",0.1814
8,10,80,2,1.5,0.8,"acquiescent",0.1449
8,10,80,2,1.5,0.8,"mixed",0.1382
8,10,80,2,1.5,1,"clean",NA
8,10,80,2,1.5,1,"random",0.0758
8,10,80,2,1.5,1,"longstring",0.089
8,10,80,2,1.5,1,"pure_straight",0.1799
8,10,80,2,1.5,1,"acquiescent",0.1433
8,10,80,2,1.5,1,"mixed",0.1371
8,10,80,2,1.5,1.5,"clean",NA
8,10,80,2,1.5,1.5,"random",0.0701
8,10,80,2,1.5,1.5,"longstring",0.0829
8,10,80,2,1.5,1.5,"pure_straight",0.1725
8,10,80,2,1.5,1.5,"acquiescent",0.1355
8,10,80,2,1.5,1.5,"mixed",0.1315
8,10,80,2,2,0.3,"clean",NA
8,10,80,2,2,0.3,"random",0.0838
8,10,80,2,2,0.3,"longstring",0.0988
8,10,80,2,2,0.3,"pure_straight",0.1905
8,10,80,2,2,0.3,"acquiescent",0.1544
8,10,80,2,2,0.3,"mixed",0.1452
8,10,80,2,2,0.5,"clean",NA
8,10,80,2,2,0.5,"random",0.0827
8,10,80,2,2,0.5,"longstring",0.0976
8,10,80,2,2,0.5,"pure_straight",0.189
8,10,80,2,2,0.5,"acquiescent",0.1528
8,10,80,2,2,0.5,"mixed",0.144
8,10,80,2,2,0.8,"clean",NA
8,10,80,2,2,0.8,"random",0.0758
8,10,80,2,2,0.8,"longstring",0.089
8,10,80,2,2,0.8,"pure_straight",0.1799
8,10,80,2,2,0.8,"acquiescent",0.1433
8,10,80,2,2,0.8,"mixed",0.1371
8,10,80,2,2,1,"clean",NA
8,10,80,2,2,1,"random",0.0746
8,10,80,2,2,1,"longstring",0.0877
8,10,80,2,2,1,"pure_straight",0.1784
8,10,80,2,2,1,"acquiescent",0.1417
8,10,80,2,2,1,"mixed",0.136
8,10,80,2,2,1.5,"clean",NA
8,10,80,2,2,1.5,"random",0.0632
8,10,80,2,2,1.5,"longstring",0.1249
8,10,80,2,2,1.5,"pure_straight",0.1638
8,10,80,2,2,1.5,"acquiescent",0.1262
8,10,80,2,2,1.5,"mixed",0.1249
8,10,80,2,2.5,0.3,"clean",NA
8,10,80,2,2.5,0.3,"random",0.0838
8,10,80,2,2.5,0.3,"longstring",0.0988
8,10,80,2,2.5,0.3,"pure_straight",0.1905
8,10,80,2,2.5,0.3,"acquiescent",0.1544
8,10,80,2,2.5,0.3,"mixed",0.1452
8,10,80,2,2.5,0.5,"clean",NA
8,10,80,2,2.5,0.5,"random",0.0827
8,10,80,2,2.5,0.5,"longstring",0.0976
8,10,80,2,2.5,0.5,"pure_straight",0.189
8,10,80,2,2.5,0.5,"acquiescent",0.1528
8,10,80,2,2.5,0.5,"mixed",0.144
8,10,80,2,2.5,0.8,"clean",NA
8,10,80,2,2.5,0.8,"random",0.0758
8,10,80,2,2.5,0.8,"longstring",0.089
8,10,80,2,2.5,0.8,"pure_straight",0.1799
8,10,80,2,2.5,0.8,"acquiescent",0.1433
8,10,80,2,2.5,0.8,"mixed",0.1371
8,10,80,2,2.5,1,"clean",NA
8,10,80,2,2.5,1,"random",0.0723
8,10,80,2,2.5,1,"longstring",0.0853
8,10,80,2,2.5,1,"pure_straight",0.1754
8,10,80,2,2.5,1,"acquiescent",0.1386
8,10,80,2,2.5,1,"mixed",0.1337
8,10,80,2,2.5,1.5,"clean",NA
8,10,80,2,2.5,1.5,"random",0.0621
8,10,80,2,2.5,1.5,"longstring",0.1238
8,10,80,2,2.5,1.5,"pure_straight",0.1624
8,10,80,2,2.5,1.5,"acquiescent",0.1624
8,10,80,2,2.5,1.5,"mixed",0.1238
8,10,80,2,3,0.3,"clean",NA
8,10,80,2,3,0.3,"random",0.0838
8,10,80,2,3,0.3,"longstring",0.0988
8,10,80,2,3,0.3,"pure_straight",0.1905
8,10,80,2,3,0.3,"acquiescent",0.1544
8,10,80,2,3,0.3,"mixed",0.1452
8,10,80,2,3,0.5,"clean",NA
8,10,80,2,3,0.5,"random",0.0827
8,10,80,2,3,0.5,"longstring",0.0976
8,10,80,2,3,0.5,"pure_straight",0.189
8,10,80,2,3,0.5,"acquiescent",0.1528
8,10,80,2,3,0.5,"mixed",0.144
8,10,80,2,3,0.8,"clean",NA
8,10,80,2,3,0.8,"random",0.0746
8,10,80,2,3,0.8,"longstring",0.0877
8,10,80,2,3,0.8,"pure_straight",0.1784
8,10,80,2,3,0.8,"acquiescent",0.1417
8,10,80,2,3,0.8,"mixed",0.136
8,10,80,2,3,1,"clean",NA
8,10,80,2,3,1,"random",0.0655
8,10,80,2,3,1,"longstring",0.1271
8,10,80,2,3,1,"pure_straight",0.1667
8,10,80,2,3,1,"acquiescent",0.1667
8,10,80,2,3,1,"mixed",0.1271
8,10,80,2,3,1.5,"clean",NA
8,10,80,2,3,1.5,"random",0.0587
8,10,80,2,3,1.5,"longstring",0.1206
8,10,80,2,3,1.5,"pure_straight",0.1581
8,10,80,2,3,1.5,"acquiescent",0.1581
8,10,80,2,3,1.5,"mixed",0.1206
8,10,80,3,0,0.3,"clean",NA
8,10,80,3,0,0.3,"random",0.2434
8,10,80,3,0,0.3,"longstring",0.2228
8,10,80,3,0,0.3,"pure_straight",0.3162
8,10,80,3,0,0.3,"acquiescent",0.2794
8,10,80,3,0,0.3,"mixed",0.175
8,10,80,3,0,0.5,"clean",NA
8,10,80,3,0,0.5,"random",0.2434
8,10,80,3,0,0.5,"longstring",0.2228
8,10,80,3,0,0.5,"pure_straight",0.3162
8,10,80,3,0,0.5,"acquiescent",0.2794
8,10,80,3,0,0.5,"mixed",0.175
8,10,80,3,0,0.8,"clean",NA
8,10,80,3,0,0.8,"random",0.2434
8,10,80,3,0,0.8,"longstring",0.2228
8,10,80,3,0,0.8,"pure_straight",0.3162
8,10,80,3,0,0.8,"acquiescent",0.2794
8,10,80,3,0,0.8,"mixed",0.175
8,10,80,3,0,1,"clean",NA
8,10,80,3,0,1,"random",0.2434
8,10,80,3,0,1,"longstring",0.2228
8,10,80,3,0,1,"pure_straight",0.3162
8,10,80,3,0,1,"acquiescent",0.2794
8,10,80,3,0,1,"mixed",0.175
8,10,80,3,0,1.5,"clean",NA
8,10,80,3,0,1.5,"random",0.2434
8,10,80,3,0,1.5,"longstring",0.2228
8,10,80,3,0,1.5,"pure_straight",0.3162
8,10,80,3,0,1.5,"acquiescent",0.2794
8,10,80,3,0,1.5,"mixed",0.175
8,10,80,3,0.5,0.3,"clean",NA
8,10,80,3,0.5,0.3,"random",0.2434
8,10,80,3,0.5,0.3,"longstring",0.2228
8,10,80,3,0.5,0.3,"pure_straight",0.3162
8,10,80,3,0.5,0.3,"acquiescent",0.2794
8,10,80,3,0.5,0.3,"mixed",0.175
8,10,80,3,0.5,0.5,"clean",NA
8,10,80,3,0.5,0.5,"random",0.2434
8,10,80,3,0.5,0.5,"longstring",0.2228
8,10,80,3,0.5,0.5,"pure_straight",0.3162
8,10,80,3,0.5,0.5,"acquiescent",0.2794
8,10,80,3,0.5,0.5,"mixed",0.175
8,10,80,3,0.5,0.8,"clean",NA
8,10,80,3,0.5,0.8,"random",0.239
8,10,80,3,0.5,0.8,"longstring",0.2189
8,10,80,3,0.5,0.8,"pure_straight",0.3107
8,10,80,3,0.5,0.8,"acquiescent",0.274
8,10,80,3,0.5,0.8,"mixed",0.1712
8,10,80,3,0.5,1,"clean",NA
8,10,80,3,0.5,1,"random",0.2348
8,10,80,3,0.5,1,"longstring",0.2151
8,10,80,3,0.5,1,"pure_straight",0.3053
8,10,80,3,0.5,1,"acquiescent",0.2687
8,10,80,3,0.5,1,"mixed",0.1675
8,10,80,3,0.5,1.5,"clean",NA
8,10,80,3,0.5,1.5,"random",0.2308
8,10,80,3,0.5,1.5,"longstring",0.2114
8,10,80,3,0.5,1.5,"pure_straight",0.3
8,10,80,3,0.5,1.5,"acquiescent",0.2636
8,10,80,3,0.5,1.5,"mixed",0.1639
8,10,80,3,1,0.3,"clean",NA
8,10,80,3,1,0.3,"random",0.2434
8,10,80,3,1,0.3,"longstring",0.2228
8,10,80,3,1,0.3,"pure_straight",0.3162
8,10,80,3,1,0.3,"acquiescent",0.2794
8,10,80,3,1,0.3,"mixed",0.175
8,10,80,3,1,0.5,"clean",NA
8,10,80,3,1,0.5,"random",0.239
8,10,80,3,1,0.5,"longstring",0.2189
8,10,80,3,1,0.5,"pure_straight",0.3107
8,10,80,3,1,0.5,"acquiescent",0.274
8,10,80,3,1,0.5,"mixed",0.1712
8,10,80,3,1,0.8,"clean",NA
8,10,80,3,1,0.8,"random",0.2328
8,10,80,3,1,0.8,"longstring",0.2132
8,10,80,3,1,0.8,"pure_straight",0.3026
8,10,80,3,1,0.8,"acquiescent",0.2662
8,10,80,3,1,0.8,"mixed",0.1656
8,10,80,3,1,1,"clean",NA
8,10,80,3,1,1,"random",0.2308
8,10,80,3,1,1,"longstring",0.2114
8,10,80,3,1,1,"pure_straight",0.3
8,10,80,3,1,1,"acquiescent",0.3
8,10,80,3,1,1,"mixed",0.1639
8,10,80,3,1,1.5,"clean",NA
8,10,80,3,1,1.5,"random",0.2173
8,10,80,3,1,1.5,"longstring",0.1991
8,10,80,3,1,1.5,"pure_straight",0.2827
8,10,80,3,1,1.5,"acquiescent",0.2827
8,10,80,3,1,1.5,"mixed",0.1519
8,10,80,3,1.5,0.3,"clean",NA
8,10,80,3,1.5,0.3,"random",0.2434
8,10,80,3,1.5,0.3,"longstring",0.2228
8,10,80,3,1.5,0.3,"pure_straight",0.3162
8,10,80,3,1.5,0.3,"acquiescent",0.2794
8,10,80,3,1.5,0.3,"mixed",0.175
8,10,80,3,1.5,0.5,"clean",NA
8,10,80,3,1.5,0.5,"random",0.239
8,10,80,3,1.5,0.5,"longstring",0.2189
8,10,80,3,1.5,0.5,"pure_straight",0.3107
8,10,80,3,1.5,0.5,"acquiescent",0.274
8,10,80,3,1.5,0.5,"mixed",0.1712
8,10,80,3,1.5,0.8,"clean",NA
8,10,80,3,1.5,0.8,"random",0.2308
8,10,80,3,1.5,0.8,"longstring",0.2114
8,10,80,3,1.5,0.8,"pure_straight",0.3
8,10,80,3,1.5,0.8,"acquiescent",0.3
8,10,80,3,1.5,0.8,"mixed",0.1639
8,10,80,3,1.5,1,"clean",NA
8,10,80,3,1.5,1,"random",0.2248
8,10,80,3,1.5,1,"longstring",0.206
8,10,80,3,1.5,1,"pure_straight",0.2924
8,10,80,3,1.5,1,"acquiescent",0.2924
8,10,80,3,1.5,1,"mixed",0.1586
8,10,80,3,1.5,1.5,"clean",NA
8,10,80,3,1.5,1.5,"random",0.2137
8,10,80,3,1.5,1.5,"longstring",0.1958
8,10,80,3,1.5,1.5,"pure_straight",0.278
8,10,80,3,1.5,1.5,"acquiescent",0.278
8,10,80,3,1.5,1.5,"mixed",0.1471
8,10,80,3,2,0.3,"clean",NA
8,10,80,3,2,0.3,"random",0.2434
8,10,80,3,2,0.3,"longstring",0.2228
8,10,80,3,2,0.3,"pure_straight",0.3162
8,10,80,3,2,0.3,"acquiescent",0.2794
8,10,80,3,2,0.3,"mixed",0.175
8,10,80,3,2,0.5,"clean",NA
8,10,80,3,2,0.5,"random",0.239
8,10,80,3,2,0.5,"longstring",0.2189
8,10,80,3,2,0.5,"pure_straight",0.3107
8,10,80,3,2,0.5,"acquiescent",0.3107
8,10,80,3,2,0.5,"mixed",0.1712
8,10,80,3,2,0.8,"clean",NA
8,10,80,3,2,0.8,"random",0.2268
8,10,80,3,2,0.8,"longstring",0.2077
8,10,80,3,2,0.8,"pure_straight",0.2949
8,10,80,3,2,0.8,"acquiescent",0.2949
8,10,80,3,2,0.8,"mixed",0.1603
8,10,80,3,2,1,"clean",NA
8,10,80,3,2,1,"random",0.2173
8,10,80,3,2,1,"longstring",0.1991
8,10,80,3,2,1,"pure_straight",0.2827
8,10,80,3,2,1,"acquiescent",0.2827
8,10,80,3,2,1,"mixed",0.1519
8,10,80,3,2,1.5,"clean",NA
8,10,80,3,2,1.5,"random",0.2033
8,10,80,3,2,1.5,"longstring",0.1878
8,10,80,3,2,1.5,"pure_straight",0.2667
8,10,80,3,2,1.5,"acquiescent",0.2667
8,10,80,3,2,1.5,"mixed",0.1393
8,10,80,3,2.5,0.3,"clean",NA
8,10,80,3,2.5,0.3,"random",0.2434
8,10,80,3,2.5,0.3,"longstring",0.2228
8,10,80,3,2.5,0.3,"pure_straight",0.3162
8,10,80,3,2.5,0.3,"acquiescent",0.2794
8,10,80,3,2.5,0.3,"mixed",0.175
8,10,80,3,2.5,0.5,"clean",NA
8,10,80,3,2.5,0.5,"random",0.239
8,10,80,3,2.5,0.5,"longstring",0.2189
8,10,80,3,2.5,0.5,"pure_straight",0.3107
8,10,80,3,2.5,0.5,"acquiescent",0.3107
8,10,80,3,2.5,0.5,"mixed",0.1712
8,10,80,3,2.5,0.8,"clean",NA
8,10,80,3,2.5,0.8,"random",0.2248
8,10,80,3,2.5,0.8,"longstring",0.206
8,10,80,3,2.5,0.8,"pure_straight",0.2924
8,10,80,3,2.5,0.8,"acquiescent",0.2924
8,10,80,3,2.5,0.8,"mixed",0.1586
8,10,80,3,2.5,1,"clean",NA
8,10,80,3,2.5,1,"random",0.2173
8,10,80,3,2.5,1,"longstring",0.1991
8,10,80,3,2.5,1,"pure_straight",0.2827
8,10,80,3,2.5,1,"acquiescent",0.2827
8,10,80,3,2.5,1,"mixed",0.1503
8,10,80,3,2.5,1.5,"clean",NA
8,10,80,3,2.5,1.5,"random",0.1905
8,10,80,3,2.5,1.5,"longstring",0.176
8,10,80,3,2.5,1.5,"pure_straight",0.25
8,10,80,3,2.5,1.5,"acquiescent",0.25
8,10,80,3,2.5,1.5,"mixed",0.1277
8,10,80,3,3,0.3,"clean",NA
8,10,80,3,3,0.3,"random",0.2434
8,10,80,3,3,0.3,"longstring",0.2228
8,10,80,3,3,0.3,"pure_straight",0.3162
8,10,80,3,3,0.3,"acquiescent",0.2794
8,10,80,3,3,0.3,"mixed",0.175
8,10,80,3,3,0.5,"clean",NA
8,10,80,3,3,0.5,"random",0.2369
8,10,80,3,3,0.5,"longstring",0.217
8,10,80,3,3,0.5,"pure_straight",0.3079
8,10,80,3,3,0.5,"acquiescent",0.3079
8,10,80,3,3,0.5,"mixed",0.1693
8,10,80,3,3,0.8,"clean",NA
8,10,80,3,3,0.8,"random",0.2173
8,10,80,3,3,0.8,"longstring",0.1991
8,10,80,3,3,0.8,"pure_straight",0.2827
8,10,80,3,3,0.8,"acquiescent",0.2827
8,10,80,3,3,0.8,"mixed",0.1519
8,10,80,3,3,1,"clean",NA
8,10,80,3,3,1,"random",0.2137
8,10,80,3,3,1,"longstring",0.1958
8,10,80,3,3,1,"pure_straight",0.278
8,10,80,3,3,1,"acquiescent",0.278
8,10,80,3,3,1,"mixed",0.1471
8,10,80,3,3,1.5,"clean",NA
8,10,80,3,3,1.5,"random",0.1816
8,10,80,3,3,1.5,"longstring",0.1678
8,10,80,3,3,1.5,"pure_straight",0.2383
8,10,80,3,3,1.5,"acquiescent",0.2383
8,10,80,3,3,1.5,"mixed",0.1691
8,10,80,4,0,0.3,"clean",NA
8,10,80,4,0,0.3,"random",0.1455
8,10,80,4,0,0.3,"longstring",0.1958
8,10,80,4,0,0.3,"pure_straight",0.2757
8,10,80,4,0,0.3,"acquiescent",0.2398
8,10,80,4,0,0.3,"mixed",0.0904
8,10,80,4,0,0.5,"clean",NA
8,10,80,4,0,0.5,"random",0.1455
8,10,80,4,0,0.5,"longstring",0.1958
8,10,80,4,0,0.5,"pure_straight",0.2757
8,10,80,4,0,0.5,"acquiescent",0.2398
8,10,80,4,0,0.5,"mixed",0.0904
8,10,80,4,0,0.8,"clean",NA
8,10,80,4,0,0.8,"random",0.1455
8,10,80,4,0,0.8,"longstring",0.1958
8,10,80,4,0,0.8,"pure_straight",0.2757
8,10,80,4,0,0.8,"acquiescent",0.2398
8,10,80,4,0,0.8,"mixed",0.0904
8,10,80,4,0,1,"clean",NA
8,10,80,4,0,1,"random",0.1455
8,10,80,4,0,1,"longstring",0.1958
8,10,80,4,0,1,"pure_straight",0.2757
8,10,80,4,0,1,"acquiescent",0.2398
8,10,80,4,0,1,"mixed",0.0904
8,10,80,4,0,1.5,"clean",NA
8,10,80,4,0,1.5,"random",0.1455
8,10,80,4,0,1.5,"longstring",0.1958
8,10,80,4,0,1.5,"pure_straight",0.2757
8,10,80,4,0,1.5,"acquiescent",0.2398
8,10,80,4,0,1.5,"mixed",0.0904
8,10,80,4,0.5,0.3,"clean",NA
8,10,80,4,0.5,0.3,"random",0.1455
8,10,80,4,0.5,0.3,"longstring",0.1958
8,10,80,4,0.5,0.3,"pure_straight",0.2757
8,10,80,4,0.5,0.3,"acquiescent",0.2398
8,10,80,4,0.5,0.3,"mixed",0.0904
8,10,80,4,0.5,0.5,"clean",NA
8,10,80,4,0.5,0.5,"random",0.1455
8,10,80,4,0.5,0.5,"longstring",0.1958
8,10,80,4,0.5,0.5,"pure_straight",0.2757
8,10,80,4,0.5,0.5,"acquiescent",0.2398
8,10,80,4,0.5,0.5,"mixed",0.0904
8,10,80,4,0.5,0.8,"clean",NA
8,10,80,4,0.5,0.8,"random",0.1439
8,10,80,4,0.5,0.8,"longstring",0.1941
8,10,80,4,0.5,0.8,"pure_straight",0.2734
8,10,80,4,0.5,0.8,"acquiescent",0.2376
8,10,80,4,0.5,0.8,"mixed",0.089
8,10,80,4,0.5,1,"clean",NA
8,10,80,4,0.5,1,"random",0.1439
8,10,80,4,0.5,1,"longstring",0.1941
8,10,80,4,0.5,1,"pure_straight",0.2734
8,10,80,4,0.5,1,"acquiescent",0.2376
8,10,80,4,0.5,1,"mixed",0.089
8,10,80,4,0.5,1.5,"clean",NA
8,10,80,4,0.5,1.5,"random",0.1378
8,10,80,4,0.5,1.5,"longstring",0.1878
8,10,80,4,0.5,1.5,"pure_straight",0.2646
8,10,80,4,0.5,1.5,"acquiescent",0.2289
8,10,80,4,0.5,1.5,"mixed",0.0833
8,10,80,4,1,0.3,"clean",NA
8,10,80,4,1,0.3,"random",0.1455
8,10,80,4,1,0.3,"longstring",0.1958
8,10,80,4,1,0.3,"pure_straight",0.2757
8,10,80,4,1,0.3,"acquiescent",0.2398
8,10,80,4,1,0.3,"mixed",0.0904
8,10,80,4,1,0.5,"clean",NA
8,10,80,4,1,0.5,"random",0.1439
8,10,80,4,1,0.5,"longstring",0.1941
8,10,80,4,1,0.5,"pure_straight",0.2734
8,10,80,4,1,0.5,"acquiescent",0.2376
8,10,80,4,1,0.5,"mixed",0.089
8,10,80,4,1,0.8,"clean",NA
8,10,80,4,1,0.8,"random",0.1409
8,10,80,4,1,0.8,"longstring",0.191
8,10,80,4,1,0.8,"pure_straight",0.2689
8,10,80,4,1,0.8,"acquiescent",0.2332
8,10,80,4,1,0.8,"mixed",0.0861
8,10,80,4,1,1,"clean",NA
8,10,80,4,1,1,"random",0.1364
8,10,80,4,1,1,"longstring",0.1863
8,10,80,4,1,1,"pure_straight",0.2624
8,10,80,4,1,1,"acquiescent",0.2268
8,10,80,4,1,1,"mixed",0.0819
8,10,80,4,1,1.5,"clean",NA
8,10,80,4,1,1.5,"random",0.1306
8,10,80,4,1,1.5,"longstring",0.1803
8,10,80,4,1,1.5,"pure_straight",0.2541
8,10,80,4,1,1.5,"acquiescent",0.2185
8,10,80,4,1,1.5,"mixed",0.0765
8,10,80,4,1.5,0.3,"clean",NA
8,10,80,4,1.5,0.3,"random",0.1455
8,10,80,4,1.5,0.3,"longstring",0.1958
8,10,80,4,1.5,0.3,"pure_straight",0.2757
8,10,80,4,1.5,0.3,"acquiescent",0.2398
8,10,80,4,1.5,0.3,"mixed",0.0904
8,10,80,4,1.5,0.5,"clean",NA
8,10,80,4,1.5,0.5,"random",0.1439
8,10,80,4,1.5,0.5,"longstring",0.1941
8,10,80,4,1.5,0.5,"pure_straight",0.2734
8,10,80,4,1.5,0.5,"acquiescent",0.2376
8,10,80,4,1.5,0.5,"mixed",0.089
8,10,80,4,1.5,0.8,"clean",NA
8,10,80,4,1.5,0.8,"random",0.1378
8,10,80,4,1.5,0.8,"longstring",0.1878
8,10,80,4,1.5,0.8,"pure_straight",0.2646
8,10,80,4,1.5,0.8,"acquiescent",0.2289
8,10,80,4,1.5,0.8,"mixed",0.0833
8,10,80,4,1.5,1,"clean",NA
8,10,80,4,1.5,1,"random",0.132
8,10,80,4,1.5,1,"longstring",0.1818
8,10,80,4,1.5,1,"pure_straight",0.2561
8,10,80,4,1.5,1,"acquiescent",0.2205
8,10,80,4,1.5,1,"mixed",0.0778
8,10,80,4,1.5,1.5,"clean",NA
8,10,80,4,1.5,1.5,"random",0.1277
8,10,80,4,1.5,1.5,"longstring",0.1789
8,10,80,4,1.5,1.5,"pure_straight",0.252
8,10,80,4,1.5,1.5,"acquiescent",0.2165
8,10,80,4,1.5,1.5,"mixed",0.1263
8,10,80,4,2,0.3,"clean",NA
8,10,80,4,2,0.3,"random",0.1455
8,10,80,4,2,0.3,"longstring",0.1958
8,10,80,4,2,0.3,"pure_straight",0.2757
8,10,80,4,2,0.3,"acquiescent",0.2398
8,10,80,4,2,0.3,"mixed",0.0904
8,10,80,4,2,0.5,"clean",NA
8,10,80,4,2,0.5,"random",0.1439
8,10,80,4,2,0.5,"longstring",0.1941
8,10,80,4,2,0.5,"pure_straight",0.2734
8,10,80,4,2,0.5,"acquiescent",0.2376
8,10,80,4,2,0.5,"mixed",0.089
8,10,80,4,2,0.8,"clean",NA
8,10,80,4,2,0.8,"random",0.1349
8,10,80,4,2,0.8,"longstring",0.1848
8,10,80,4,2,0.8,"pure_straight",0.2603
8,10,80,4,2,0.8,"acquiescent",0.2247
8,10,80,4,2,0.8,"mixed",0.0806
8,10,80,4,2,1,"clean",NA
8,10,80,4,2,1,"random",0.1306
8,10,80,4,2,1,"longstring",0.1803
8,10,80,4,2,1,"pure_straight",0.2541
8,10,80,4,2,1,"acquiescent",0.2185
8,10,80,4,2,1,"mixed",0.0765
8,10,80,4,2,1.5,"clean",NA
8,10,80,4,2,1.5,"random",0.1236
8,10,80,4,2,1.5,"longstring",0.1746
8,10,80,4,2,1.5,"pure_straight",0.246
8,10,80,4,2,1.5,"acquiescent",0.246
8,10,80,4,2,1.5,"mixed",0.1222
8,10,80,4,2.5,0.3,"clean",NA
8,10,80,4,2.5,0.3,"random",0.1455
8,10,80,4,2.5,0.3,"longstring",0.1958
8,10,80,4,2.5,0.3,"pure_straight",0.2757
8,10,80,4,2.5,0.3,"acquiescent",0.2398
8,10,80,4,2.5,0.3,"mixed",0.0904
8,10,80,4,2.5,0.5,"clean",NA
8,10,80,4,2.5,0.5,"random",0.1439
8,10,80,4,2.5,0.5,"longstring",0.1941
8,10,80,4,2.5,0.5,"pure_straight",0.2734
8,10,80,4,2.5,0.5,"acquiescent",0.2376
8,10,80,4,2.5,0.5,"mixed",0.089
8,10,80,4,2.5,0.8,"clean",NA
8,10,80,4,2.5,0.8,"random",0.132
8,10,80,4,2.5,0.8,"longstring",0.1818
8,10,80,4,2.5,0.8,"pure_straight",0.2561
8,10,80,4,2.5,0.8,"acquiescent",0.2205
8,10,80,4,2.5,0.8,"mixed",0.0778
8,10,80,4,2.5,1,"clean",NA
8,10,80,4,2.5,1,"random",0.1306
8,10,80,4,2.5,1,"longstring",0.1803
8,10,80,4,2.5,1,"pure_straight",0.2541
8,10,80,4,2.5,1,"acquiescent",0.2541
8,10,80,4,2.5,1,"mixed",0.0765
8,10,80,4,2.5,1.5,"clean",NA
8,10,80,4,2.5,1.5,"random",0.1209
8,10,80,4,2.5,1.5,"longstring",0.1718
8,10,80,4,2.5,1.5,"pure_straight",0.2421
8,10,80,4,2.5,1.5,"acquiescent",0.2421
8,10,80,4,2.5,1.5,"mixed",0.1195
8,10,80,4,3,0.3,"clean",NA
8,10,80,4,3,0.3,"random",0.1455
8,10,80,4,3,0.3,"longstring",0.1958
8,10,80,4,3,0.3,"pure_straight",0.2757
8,10,80,4,3,0.3,"acquiescent",0.2398
8,10,80,4,3,0.3,"mixed",0.0904
8,10,80,4,3,0.5,"clean",NA
8,10,80,4,3,0.5,"random",0.1439
8,10,80,4,3,0.5,"longstring",0.1941
8,10,80,4,3,0.5,"pure_straight",0.2734
8,10,80,4,3,0.5,"acquiescent",0.2376
8,10,80,4,3,0.5,"mixed",0.089
8,10,80,4,3,0.8,"clean",NA
8,10,80,4,3,0.8,"random",0.132
8,10,80,4,3,0.8,"longstring",0.1818
8,10,80,4,3,0.8,"pure_straight",0.2561
8,10,80,4,3,0.8,"acquiescent",0.2561
8,10,80,4,3,0.8,"mixed",0.0778
8,10,80,4,3,1,"clean",NA
8,10,80,4,3,1,"random",0.1277
8,10,80,4,3,1,"longstring",0.1789
8,10,80,4,3,1,"pure_straight",0.252
8,10,80,4,3,1,"acquiescent",0.252
8,10,80,4,3,1,"mixed",0.1263
8,10,80,4,3,1.5,"clean",NA
8,10,80,4,3,1.5,"random",0.1169
8,10,80,4,3,1.5,"longstring",0.1678
8,10,80,4,3,1.5,"pure_straight",0.2364
8,10,80,4,3,1.5,"acquiescent",0.2364
8,10,80,4,3,1.5,"mixed",0.1156
8,10,80,5,0,0.3,"clean",NA
8,10,80,5,0,0.3,"random",0.1234
8,10,80,5,0,0.3,"longstring",0.1574
8,10,80,5,0,0.3,"pure_straight",0.2236
8,10,80,5,0,0.3,"acquiescent",0.2236
8,10,80,5,0,0.3,"mixed",0.1587
8,10,80,5,0,0.5,"clean",NA
8,10,80,5,0,0.5,"random",0.1234
8,10,80,5,0,0.5,"longstring",0.1574
8,10,80,5,0,0.5,"pure_straight",0.2236
8,10,80,5,0,0.5,"acquiescent",0.2236
8,10,80,5,0,0.5,"mixed",0.1587
8,10,80,5,0,0.8,"clean",NA
8,10,80,5,0,0.8,"random",0.1234
8,10,80,5,0,0.8,"longstring",0.1574
8,10,80,5,0,0.8,"pure_straight",0.2236
8,10,80,5,0,0.8,"acquiescent",0.2236
8,10,80,5,0,0.8,"mixed",0.1587
8,10,80,5,0,1,"clean",NA
8,10,80,5,0,1,"random",0.1234
8,10,80,5,0,1,"longstring",0.1574
8,10,80,5,0,1,"pure_straight",0.2236
8,10,80,5,0,1,"acquiescent",0.2236
8,10,80,5,0,1,"mixed",0.1587
8,10,80,5,0,1.5,"clean",NA
8,10,80,5,0,1.5,"random",0.1234
8,10,80,5,0,1.5,"longstring",0.1574
8,10,80,5,0,1.5,"pure_straight",0.2236
8,10,80,5,0,1.5,"acquiescent",0.2236
8,10,80,5,0,1.5,"mixed",0.1587
8,10,80,5,0.5,0.3,"clean",NA
8,10,80,5,0.5,0.3,"random",0.1234
8,10,80,5,0.5,0.3,"longstring",0.1574
8,10,80,5,0.5,0.3,"pure_straight",0.2236
8,10,80,5,0.5,0.3,"acquiescent",0.2236
8,10,80,5,0.5,0.3,"mixed",0.1587
8,10,80,5,0.5,0.5,"clean",NA
8,10,80,5,0.5,0.5,"random",0.1234
8,10,80,5,0.5,0.5,"longstring",0.1574
8,10,80,5,0.5,0.5,"pure_straight",0.2236
8,10,80,5,0.5,0.5,"acquiescent",0.2236
8,10,80,5,0.5,0.5,"mixed",0.1587
8,10,80,5,0.5,0.8,"clean",NA
8,10,80,5,0.5,0.8,"random",0.1221
8,10,80,5,0.5,0.8,"longstring",0.1562
8,10,80,5,0.5,0.8,"pure_straight",0.2218
8,10,80,5,0.5,0.8,"acquiescent",0.2218
8,10,80,5,0.5,0.8,"mixed",0.1574
8,10,80,5,0.5,1,"clean",NA
8,10,80,5,0.5,1,"random",0.1221
8,10,80,5,0.5,1,"longstring",0.1562
8,10,80,5,0.5,1,"pure_straight",0.2218
8,10,80,5,0.5,1,"acquiescent",0.2218
8,10,80,5,0.5,1,"mixed",0.1574
8,10,80,5,0.5,1.5,"clean",NA
8,10,80,5,0.5,1.5,"random",0.1194
8,10,80,5,0.5,1.5,"longstring",0.1537
8,10,80,5,0.5,1.5,"pure_straight",0.2183
8,10,80,5,0.5,1.5,"acquiescent",0.2183
8,10,80,5,0.5,1.5,"mixed",0.1549
8,10,80,5,1,0.3,"clean",NA
8,10,80,5,1,0.3,"random",0.1234
8,10,80,5,1,0.3,"longstring",0.1574
8,10,80,5,1,0.3,"pure_straight",0.2236
8,10,80,5,1,0.3,"acquiescent",0.2236
8,10,80,5,1,0.3,"mixed",0.1587
8,10,80,5,1,0.5,"clean",NA
8,10,80,5,1,0.5,"random",0.1234
8,10,80,5,1,0.5,"longstring",0.1574
8,10,80,5,1,0.5,"pure_straight",0.2236
8,10,80,5,1,0.5,"acquiescent",0.2236
8,10,80,5,1,0.5,"mixed",0.1587
8,10,80,5,1,0.8,"clean",NA
8,10,80,5,1,0.8,"random",0.1221
8,10,80,5,1,0.8,"longstring",0.1562
8,10,80,5,1,0.8,"pure_straight",0.2218
8,10,80,5,1,0.8,"acquiescent",0.2218
8,10,80,5,1,0.8,"mixed",0.1574
8,10,80,5,1,1,"clean",NA
8,10,80,5,1,1,"random",0.1194
8,10,80,5,1,1,"longstring",0.1537
8,10,80,5,1,1,"pure_straight",0.2183
8,10,80,5,1,1,"acquiescent",0.2183
8,10,80,5,1,1,"mixed",0.1549
8,10,80,5,1,1.5,"clean",NA
8,10,80,5,1,1.5,"random",0.1181
8,10,80,5,1,1.5,"longstring",0.1525
8,10,80,5,1,1.5,"pure_straight",0.2166
8,10,80,5,1,1.5,"acquiescent",0.2166
8,10,80,5,1,1.5,"mixed",0.1525
8,10,80,5,1.5,0.3,"clean",NA
8,10,80,5,1.5,0.3,"random",0.1234
8,10,80,5,1.5,0.3,"longstring",0.1574
8,10,80,5,1.5,0.3,"pure_straight",0.2236
8,10,80,5,1.5,0.3,"acquiescent",0.2236
8,10,80,5,1.5,0.3,"mixed",0.1587
8,10,80,5,1.5,0.5,"clean",NA
8,10,80,5,1.5,0.5,"random",0.1221
8,10,80,5,1.5,0.5,"longstring",0.1562
8,10,80,5,1.5,0.5,"pure_straight",0.2218
8,10,80,5,1.5,0.5,"acquiescent",0.2218
8,10,80,5,1.5,0.5,"mixed",0.1574
8,10,80,5,1.5,0.8,"clean",NA
8,10,80,5,1.5,0.8,"random",0.1194
8,10,80,5,1.5,0.8,"longstring",0.1537
8,10,80,5,1.5,0.8,"pure_straight",0.2183
8,10,80,5,1.5,0.8,"acquiescent",0.2183
8,10,80,5,1.5,0.8,"mixed",0.1549
8,10,80,5,1.5,1,"clean",NA
8,10,80,5,1.5,1,"random",0.1181
8,10,80,5,1.5,1,"longstring",0.1525
8,10,80,5,1.5,1,"pure_straight",0.2166
8,10,80,5,1.5,1,"acquiescent",0.2166
8,10,80,5,1.5,1,"mixed",0.1537
8,10,80,5,1.5,1.5,"clean",NA
8,10,80,5,1.5,1.5,"random",0.1154
8,10,80,5,1.5,1.5,"longstring",0.1501
8,10,80,5,1.5,1.5,"pure_straight",0.2132
8,10,80,5,1.5,1.5,"acquiescent",0.2132
8,10,80,5,1.5,1.5,"mixed",0.1501
8,10,80,5,2,0.3,"clean",NA
8,10,80,5,2,0.3,"random",0.1234
8,10,80,5,2,0.3,"longstring",0.1574
8,10,80,5,2,0.3,"pure_straight",0.2236
8,10,80,5,2,0.3,"acquiescent",0.2236
8,10,80,5,2,0.3,"mixed",0.1587
8,10,80,5,2,0.5,"clean",NA
8,10,80,5,2,0.5,"random",0.1221
8,10,80,5,2,0.5,"longstring",0.1562
8,10,80,5,2,0.5,"pure_straight",0.2218
8,10,80,5,2,0.5,"acquiescent",0.2218
8,10,80,5,2,0.5,"mixed",0.1574
8,10,80,5,2,0.8,"clean",NA
8,10,80,5,2,0.8,"random",0.1194
8,10,80,5,2,0.8,"longstring",0.1537
8,10,80,5,2,0.8,"pure_straight",0.2183
8,10,80,5,2,0.8,"acquiescent",0.2183
8,10,80,5,2,0.8,"mixed",0.1549
8,10,80,5,2,1,"clean",NA
8,10,80,5,2,1,"random",0.1167
8,10,80,5,2,1,"longstring",0.1513
8,10,80,5,2,1,"pure_straight",0.2149
8,10,80,5,2,1,"acquiescent",0.2149
8,10,80,5,2,1,"mixed",0.1513
8,10,80,5,2,1.5,"clean",NA
8,10,80,5,2,1.5,"random",0.1102
8,10,80,5,2,1.5,"longstring",0.1454
8,10,80,5,2,1.5,"pure_straight",0.2065
8,10,80,5,2,1.5,"acquiescent",0.2065
8,10,80,5,2,1.5,"mixed",0.1454
8,10,80,5,2.5,0.3,"clean",NA
8,10,80,5,2.5,0.3,"random",0.1234
8,10,80,5,2.5,0.3,"longstring",0.1574
8,10,80,5,2.5,0.3,"pure_straight",0.2236
8,10,80,5,2.5,0.3,"acquiescent",0.2236
8,10,80,5,2.5,0.3,"mixed",0.1587
8,10,80,5,2.5,0.5,"clean",NA
8,10,80,5,2.5,0.5,"random",0.1221
8,10,80,5,2.5,0.5,"longstring",0.1562
8,10,80,5,2.5,0.5,"pure_straight",0.2218
8,10,80,5,2.5,0.5,"acquiescent",0.2218
8,10,80,5,2.5,0.5,"mixed",0.1574
8,10,80,5,2.5,0.8,"clean",NA
8,10,80,5,2.5,0.8,"random",0.1181
8,10,80,5,2.5,0.8,"longstring",0.1525
8,10,80,5,2.5,0.8,"pure_straight",0.2166
8,10,80,5,2.5,0.8,"acquiescent",0.2166
8,10,80,5,2.5,0.8,"mixed",0.1537
8,10,80,5,2.5,1,"clean",NA
8,10,80,5,2.5,1,"random",0.1167
8,10,80,5,2.5,1,"longstring",0.1513
8,10,80,5,2.5,1,"pure_straight",0.2149
8,10,80,5,2.5,1,"acquiescent",0.2149
8,10,80,5,2.5,1,"mixed",0.1513
8,10,80,5,2.5,1.5,"clean",NA
8,10,80,5,2.5,1.5,"random",0.1051
8,10,80,5,2.5,1.5,"longstring",0.1397
8,10,80,5,2.5,1.5,"pure_straight",0.2
8,10,80,5,2.5,1.5,"acquiescent",0.2
8,10,80,5,2.5,1.5,"mixed",0.1408
8,10,80,5,3,0.3,"clean",NA
8,10,80,5,3,0.3,"random",0.1234
8,10,80,5,3,0.3,"longstring",0.1574
8,10,80,5,3,0.3,"pure_straight",0.2236
8,10,80,5,3,0.3,"acquiescent",0.2236
8,10,80,5,3,0.3,"mixed",0.1587
8,10,80,5,3,0.5,"clean",NA
8,10,80,5,3,0.5,"random",0.1221
8,10,80,5,3,0.5,"longstring",0.1562
8,10,80,5,3,0.5,"pure_straight",0.2218
8,10,80,5,3,0.5,"acquiescent",0.2218
8,10,80,5,3,0.5,"mixed",0.1574
8,10,80,5,3,0.8,"clean",NA
8,10,80,5,3,0.8,"random",0.1181
8,10,80,5,3,0.8,"longstring",0.1525
8,10,80,5,3,0.8,"pure_straight",0.2166
8,10,80,5,3,0.8,"acquiescent",0.2166
8,10,80,5,3,0.8,"mixed",0.1537
8,10,80,5,3,1,"clean",NA
8,10,80,5,3,1,"random",0.1141
8,10,80,5,3,1,"longstring",0.1489
8,10,80,5,3,1,"pure_straight",0.2115
8,10,80,5,3,1,"acquiescent",0.2115
8,10,80,5,3,1,"mixed",0.1489
8,10,80,5,3,1.5,"clean",NA
8,10,80,5,3,1.5,"random",0.1026
8,10,80,5,3,1.5,"longstring",0.1375
8,10,80,5,3,1.5,"pure_straight",0.1968
8,10,80,5,3,1.5,"acquiescent",0.1968
8,10,80,5,3,1.5,"mixed",0.1386
16,10,160,1,0,0.3,"clean",NA
16,10,160,1,0,0.3,"random",0.6969
16,10,160,1,0,0.3,"longstring",0.6156
16,10,160,1,0,0.3,"pure_straight",0.8062
16,10,160,1,0,0.3,"acquiescent",0.7059
16,10,160,1,0,0.3,"mixed",0.4343
16,10,160,1,0,0.5,"clean",NA
16,10,160,1,0,0.5,"random",0.6969
16,10,160,1,0,0.5,"longstring",0.6156
16,10,160,1,0,0.5,"pure_straight",0.8062
16,10,160,1,0,0.5,"acquiescent",0.7059
16,10,160,1,0,0.5,"mixed",0.4343
16,10,160,1,0,0.8,"clean",NA
16,10,160,1,0,0.8,"random",0.6969
16,10,160,1,0,0.8,"longstring",0.6156
16,10,160,1,0,0.8,"pure_straight",0.8062
16,10,160,1,0,0.8,"acquiescent",0.7059
16,10,160,1,0,0.8,"mixed",0.4343
16,10,160,1,0,1,"clean",NA
16,10,160,1,0,1,"random",0.6969
16,10,160,1,0,1,"longstring",0.6156
16,10,160,1,0,1,"pure_straight",0.8062
16,10,160,1,0,1,"acquiescent",0.7059
16,10,160,1,0,1,"mixed",0.4343
16,10,160,1,0,1.5,"clean",NA
16,10,160,1,0,1.5,"random",0.6969
16,10,160,1,0,1.5,"longstring",0.6156
16,10,160,1,0,1.5,"pure_straight",0.8062
16,10,160,1,0,1.5,"acquiescent",0.7059
16,10,160,1,0,1.5,"mixed",0.4343
16,10,160,1,0.5,0.3,"clean",NA
16,10,160,1,0.5,0.3,"random",0.6969
16,10,160,1,0.5,0.3,"longstring",0.6156
16,10,160,1,0.5,0.3,"pure_straight",0.8062
16,10,160,1,0.5,0.3,"acquiescent",0.7059
16,10,160,1,0.5,0.3,"mixed",0.4343
16,10,160,1,0.5,0.5,"clean",NA
16,10,160,1,0.5,0.5,"random",0.6969
16,10,160,1,0.5,0.5,"longstring",0.6156
16,10,160,1,0.5,0.5,"pure_straight",0.8062
16,10,160,1,0.5,0.5,"acquiescent",0.7059
16,10,160,1,0.5,0.5,"mixed",0.4343
16,10,160,1,0.5,0.8,"clean",NA
16,10,160,1,0.5,0.8,"random",0.6719
16,10,160,1,0.5,0.8,"longstring",0.5915
16,10,160,1,0.5,0.8,"pure_straight",0.783
16,10,160,1,0.5,0.8,"acquiescent",0.6828
16,10,160,1,0.5,0.8,"mixed",0.4167
16,10,160,1,0.5,1,"clean",NA
16,10,160,1,0.5,1,"random",0.6719
16,10,160,1,0.5,1,"longstring",0.6719
16,10,160,1,0.5,1,"pure_straight",0.783
16,10,160,1,0.5,1,"acquiescent",0.6828
16,10,160,1,0.5,1,"mixed",0.4167
16,10,160,1,0.5,1.5,"clean",NA
16,10,160,1,0.5,1.5,"random",0.6492
16,10,160,1,0.5,1.5,"longstring",0.6492
16,10,160,1,0.5,1.5,"pure_straight",0.7616
16,10,160,1,0.5,1.5,"acquiescent",0.6615
16,10,160,1,0.5,1.5,"mixed",0.5807
16,10,160,1,1,0.3,"clean",NA
16,10,160,1,1,0.3,"random",0.6969
16,10,160,1,1,0.3,"longstring",0.6156
16,10,160,1,1,0.3,"pure_straight",0.8062
16,10,160,1,1,0.3,"acquiescent",0.7059
16,10,160,1,1,0.3,"mixed",0.4343
16,10,160,1,1,0.5,"clean",NA
16,10,160,1,1,0.5,"random",0.6969
16,10,160,1,1,0.5,"longstring",0.6156
16,10,160,1,1,0.5,"pure_straight",0.8062
16,10,160,1,1,0.5,"acquiescent",0.7059
16,10,160,1,1,0.5,"mixed",0.4343
16,10,160,1,1,0.8,"clean",NA
16,10,160,1,1,0.8,"random",0.6719
16,10,160,1,1,0.8,"longstring",0.6719
16,10,160,1,1,0.8,"pure_straight",0.783
16,10,160,1,1,0.8,"acquiescent",0.6828
16,10,160,1,1,0.8,"mixed",0.5108
16,10,160,1,1,1,"clean",NA
16,10,160,1,1,1,"random",0.6285
16,10,160,1,1,1,"longstring",0.6285
16,10,160,1,1,1,"pure_straight",0.7416
16,10,160,1,1,1,"acquiescent",0.6419
16,10,160,1,1,1,"mixed",0.5631
16,10,160,1,1,1.5,"clean",NA
16,10,160,1,1,1.5,"random",0.5757
16,10,160,1,1,1.5,"longstring",0.5919
16,10,160,1,1,1.5,"pure_straight",0.7056
16,10,160,1,1,1.5,"acquiescent",0.657
16,10,160,1,1,1.5,"mixed",0.5319
16,10,160,1,1.5,0.3,"clean",NA
16,10,160,1,1.5,0.3,"random",0.6969
16,10,160,1,1.5,0.3,"longstring",0.6156
16,10,160,1,1.5,0.3,"pure_straight",0.8062
16,10,160,1,1.5,0.3,"acquiescent",0.7059
16,10,160,1,1.5,0.3,"mixed",0.4343
16,10,160,1,1.5,0.5,"clean",NA
16,10,160,1,1.5,0.5,"random",0.6969
16,10,160,1,1.5,0.5,"longstring",0.6156
16,10,160,1,1.5,0.5,"pure_straight",0.8062
16,10,160,1,1.5,0.5,"acquiescent",0.7059
16,10,160,1,1.5,0.5,"mixed",0.4343
16,10,160,1,1.5,0.8,"clean",NA
16,10,160,1,1.5,0.8,"random",0.6285
16,10,160,1,1.5,0.8,"longstring",0.6285
16,10,160,1,1.5,0.8,"pure_straight",0.7416
16,10,160,1,1.5,0.8,"acquiescent",0.6926
16,10,160,1,1.5,0.8,"mixed",0.5631
16,10,160,1,1.5,1,"clean",NA
16,10,160,1,1.5,1,"random",0.5919
16,10,160,1,1.5,1,"longstring",0.5919
16,10,160,1,1.5,1,"pure_straight",0.7056
16,10,160,1,1.5,1,"acquiescent",0.657
16,10,160,1,1.5,1,"mixed",0.5319
16,10,160,1,1.5,1.5,"clean",NA
16,10,160,1,1.5,1.5,"random",0.5757
16,10,160,1,1.5,1.5,"longstring",0.5757
16,10,160,1,1.5,1.5,"pure_straight",0.7056
16,10,160,1,1.5,1.5,"acquiescent",0.657
16,10,160,1,1.5,1.5,"mixed",0.5319
16,10,160,1,2,0.3,"clean",NA
16,10,160,1,2,0.3,"random",0.6969
16,10,160,1,2,0.3,"longstring",0.6156
16,10,160,1,2,0.3,"pure_straight",0.8062
16,10,160,1,2,0.3,"acquiescent",0.7059
16,10,160,1,2,0.3,"mixed",0.4343
16,10,160,1,2,0.5,"clean",NA
16,10,160,1,2,0.5,"random",0.6719
16,10,160,1,2,0.5,"longstring",0.5915
16,10,160,1,2,0.5,"pure_straight",0.783
16,10,160,1,2,0.5,"acquiescent",0.6828
16,10,160,1,2,0.5,"mixed",0.4167
16,10,160,1,2,0.8,"clean",NA
16,10,160,1,2,0.8,"random",0.6285
16,10,160,1,2,0.8,"longstring",0.6285
16,10,160,1,2,0.8,"pure_straight",0.7416
16,10,160,1,2,0.8,"acquiescent",0.6926
16,10,160,1,2,0.8,"mixed",0.5631
16,10,160,1,2,1,"clean",NA
16,10,160,1,2,1,"random",0.5757
16,10,160,1,2,1,"longstring",0.5757
16,10,160,1,2,1,"pure_straight",0.7056
16,10,160,1,2,1,"acquiescent",0.657
16,10,160,1,2,1,"mixed",0.5319
16,10,160,1,2,1.5,"clean",NA
16,10,160,1,2,1.5,"random",0.5465
16,10,160,1,2,1.5,"longstring",0.5465
16,10,160,1,2,1.5,"pure_straight",0.6738
16,10,160,1,2,1.5,"acquiescent",0.6257
16,10,160,1,2,1.5,"mixed",0.505
16,10,160,1,2.5,0.3,"clean",NA
16,10,160,1,2.5,0.3,"random",0.6969
16,10,160,1,2.5,0.3,"longstring",0.6156
16,10,160,1,2.5,0.3,"pure_straight",0.8062
16,10,160,1,2.5,0.3,"acquiescent",0.7059
16,10,160,1,2.5,0.3,"mixed",0.4343
16,10,160,1,2.5,0.5,"clean",NA
16,10,160,1,2.5,0.5,"random",0.6719
16,10,160,1,2.5,0.5,"longstring",0.5915
16,10,160,1,2.5,0.5,"pure_straight",0.783
16,10,160,1,2.5,0.5,"acquiescent",0.6828
16,10,160,1,2.5,0.5,"mixed",0.4167
16,10,160,1,2.5,0.8,"clean",NA
16,10,160,1,2.5,0.8,"random",0.5919
16,10,160,1,2.5,0.8,"longstring",0.5919
16,10,160,1,2.5,0.8,"pure_straight",0.7056
16,10,160,1,2.5,0.8,"acquiescent",0.657
16,10,160,1,2.5,0.8,"mixed",0.5319
16,10,160,1,2.5,1,"clean",NA
16,10,160,1,2.5,1,"random",0.5757
16,10,160,1,2.5,1,"longstring",0.5757
16,10,160,1,2.5,1,"pure_straight",0.7056
16,10,160,1,2.5,1,"acquiescent",0.657
16,10,160,1,2.5,1,"mixed",0.5319
16,10,160,1,2.5,1.5,"clean",NA
16,10,160,1,2.5,1.5,"random",0.5334
16,10,160,1,2.5,1.5,"longstring",0.5334
16,10,160,1,2.5,1.5,"pure_straight",0.6593
16,10,160,1,2.5,1.5,"acquiescent",0.6115
16,10,160,1,2.5,1.5,"mixed",0.4928
16,10,160,1,3,0.3,"clean",NA
16,10,160,1,3,0.3,"random",0.6969
16,10,160,1,3,0.3,"longstring",0.6156
16,10,160,1,3,0.3,"pure_straight",0.8062
16,10,160,1,3,0.3,"acquiescent",0.7059
16,10,160,1,3,0.3,"mixed",0.4343
16,10,160,1,3,0.5,"clean",NA
16,10,160,1,3,0.5,"random",0.6719
16,10,160,1,3,0.5,"longstring",0.5915
16,10,160,1,3,0.5,"pure_straight",0.783
16,10,160,1,3,0.5,"acquiescent",0.7339
16,10,160,1,3,0.5,"mixed",0.4167
16,10,160,1,3,0.8,"clean",NA
16,10,160,1,3,0.8,"random",0.5757
16,10,160,1,3,0.8,"longstring",0.5757
16,10,160,1,3,0.8,"pure_straight",0.7056
16,10,160,1,3,0.8,"acquiescent",0.657
16,10,160,1,3,0.8,"mixed",0.5319
16,10,160,1,3,1,"clean",NA
16,10,160,1,3,1,"random",0.5757
16,10,160,1,3,1,"longstring",0.5757
16,10,160,1,3,1,"pure_straight",0.7056
16,10,160,1,3,1,"acquiescent",0.657
16,10,160,1,3,1,"mixed",0.5319
16,10,160,1,3,1.5,"clean",NA
16,10,160,1,3,1.5,"random",0.5093
16,10,160,1,3,1.5,"longstring",0.5093
16,10,160,1,3,1.5,"pure_straight",0.6325
16,10,160,1,3,1.5,"acquiescent",0.5853
16,10,160,1,3,1.5,"mixed",0.4706
16,10,160,2,0,0.3,"clean",NA
16,10,160,2,0,0.3,"random",0.3488
16,10,160,2,0,0.3,"longstring",0.552
16,10,160,2,0,0.3,"pure_straight",0.783
16,10,160,2,0,0.3,"acquiescent",0.7339
16,10,160,2,0,0.3,"mixed",0.5915
16,10,160,2,0,0.5,"clean",NA
16,10,160,2,0,0.5,"random",0.3488
16,10,160,2,0,0.5,"longstring",0.552
16,10,160,2,0,0.5,"pure_straight",0.783
16,10,160,2,0,0.5,"acquiescent",0.7339
16,10,160,2,0,0.5,"mixed",0.5915
16,10,160,2,0,0.8,"clean",NA
16,10,160,2,0,0.8,"random",0.3488
16,10,160,2,0,0.8,"longstring",0.552
16,10,160,2,0,0.8,"pure_straight",0.783
16,10,160,2,0,0.8,"acquiescent",0.7339
16,10,160,2,0,0.8,"mixed",0.5915
16,10,160,2,0,1,"clean",NA
16,10,160,2,0,1,"random",0.3488
16,10,160,2,0,1,"longstring",0.552
16,10,160,2,0,1,"pure_straight",0.783
16,10,160,2,0,1,"acquiescent",0.7339
16,10,160,2,0,1,"mixed",0.5915
16,10,160,2,0,1.5,"clean",NA
16,10,160,2,0,1.5,"random",0.3488
16,10,160,2,0,1.5,"longstring",0.552
16,10,160,2,0,1.5,"pure_straight",0.783
16,10,160,2,0,1.5,"acquiescent",0.7339
16,10,160,2,0,1.5,"mixed",0.5915
16,10,160,2,0.5,0.3,"clean",NA
16,10,160,2,0.5,0.3,"random",0.3488
16,10,160,2,0.5,0.3,"longstring",0.552
16,10,160,2,0.5,0.3,"pure_straight",0.783
16,10,160,2,0.5,0.3,"acquiescent",0.7339
16,10,160,2,0.5,0.3,"mixed",0.5915
16,10,160,2,0.5,0.5,"clean",NA
16,10,160,2,0.5,0.5,"random",0.3488
16,10,160,2,0.5,0.5,"longstring",0.552
16,10,160,2,0.5,0.5,"pure_straight",0.783
16,10,160,2,0.5,0.5,"acquiescent",0.7339
16,10,160,2,0.5,0.5,"mixed",0.5915
16,10,160,2,0.5,0.8,"clean",NA
16,10,160,2,0.5,0.8,"random",0.3318
16,10,160,2,0.5,0.8,"longstring",0.5303
16,10,160,2,0.5,0.8,"pure_straight",0.7616
16,10,160,2,0.5,0.8,"acquiescent",0.7616
16,10,160,2,0.5,0.8,"mixed",0.5698
16,10,160,2,0.5,1,"clean",NA
16,10,160,2,0.5,1,"random",0.3318
16,10,160,2,0.5,1,"longstring",0.5303
16,10,160,2,0.5,1,"pure_straight",0.7616
16,10,160,2,0.5,1,"acquiescent",0.7616
16,10,160,2,0.5,1,"mixed",0.5698
16,10,160,2,0.5,1.5,"clean",NA
16,10,160,2,0.5,1.5,"random",0.3318
16,10,160,2,0.5,1.5,"longstring",0.5303
16,10,160,2,0.5,1.5,"pure_straight",0.7616
16,10,160,2,0.5,1.5,"acquiescent",0.7616
16,10,160,2,0.5,1.5,"mixed",0.5698
16,10,160,2,1,0.3,"clean",NA
16,10,160,2,1,0.3,"random",0.3488
16,10,160,2,1,0.3,"longstring",0.552
16,10,160,2,1,0.3,"pure_straight",0.783
16,10,160,2,1,0.3,"acquiescent",0.7339
16,10,160,2,1,0.3,"mixed",0.5915
16,10,160,2,1,0.5,"clean",NA
16,10,160,2,1,0.5,"random",0.3318
16,10,160,2,1,0.5,"longstring",0.5303
16,10,160,2,1,0.5,"pure_straight",0.7616
16,10,160,2,1,0.5,"acquiescent",0.7616
16,10,160,2,1,0.5,"mixed",0.5698
16,10,160,2,1,0.8,"clean",NA
16,10,160,2,1,0.8,"random",0.3318
16,10,160,2,1,0.8,"longstring",0.5303
16,10,160,2,1,0.8,"pure_straight",0.7616
16,10,160,2,1,0.8,"acquiescent",0.7616
16,10,160,2,1,0.8,"mixed",0.5698
16,10,160,2,1,1,"clean",NA
16,10,160,2,1,1,"random",0.3318
16,10,160,2,1,1,"longstring",0.5303
16,10,160,2,1,1,"pure_straight",0.7616
16,10,160,2,1,1,"acquiescent",0.7616
16,10,160,2,1,1,"mixed",0.5698
16,10,160,2,1,1.5,"clean",NA
16,10,160,2,1,1.5,"random",0.2907
16,10,160,2,1,1.5,"longstring",0.462
16,10,160,2,1,1.5,"pure_straight",0.7056
16,10,160,2,1,1.5,"acquiescent",0.7056
16,10,160,2,1,1.5,"mixed",0.5157
16,10,160,2,1.5,0.3,"clean",NA
16,10,160,2,1.5,0.3,"random",0.3488
16,10,160,2,1.5,0.3,"longstring",0.552
16,10,160,2,1.5,0.3,"pure_straight",0.783
16,10,160,2,1.5,0.3,"acquiescent",0.7339
16,10,160,2,1.5,0.3,"mixed",0.5915
16,10,160,2,1.5,0.5,"clean",NA
16,10,160,2,1.5,0.5,"random",0.3318
16,10,160,2,1.5,0.5,"longstring",0.5303
16,10,160,2,1.5,0.5,"pure_straight",0.7616
16,10,160,2,1.5,0.5,"acquiescent",0.7616
16,10,160,2,1.5,0.5,"mixed",0.5698
16,10,160,2,1.5,0.8,"clean",NA
16,10,160,2,1.5,0.8,"random",0.3318
16,10,160,2,1.5,0.8,"longstring",0.5303
16,10,160,2,1.5,0.8,"pure_straight",0.7616
16,10,160,2,1.5,0.8,"acquiescent",0.7616
16,10,160,2,1.5,0.8,"mixed",0.5698
16,10,160,2,1.5,1,"clean",NA
16,10,160,2,1.5,1,"random",0.303
16,10,160,2,1.5,1,"longstring",0.4931
16,10,160,2,1.5,1,"pure_straight",0.723
16,10,160,2,1.5,1,"acquiescent",0.723
16,10,160,2,1.5,1,"mixed",0.5322
16,10,160,2,1.5,1.5,"clean",NA
16,10,160,2,1.5,1.5,"random",0.3731
16,10,160,2,1.5,1.5,"longstring",0.4483
16,10,160,2,1.5,1.5,"pure_straight",0.6892
16,10,160,2,1.5,1.5,"acquiescent",0.6892
16,10,160,2,1.5,1.5,"mixed",0.5005
16,10,160,2,2,0.3,"clean",NA
16,10,160,2,2,0.3,"random",0.3488
16,10,160,2,2,0.3,"longstring",0.552
16,10,160,2,2,0.3,"pure_straight",0.783
16,10,160,2,2,0.3,"acquiescent",0.7339
16,10,160,2,2,0.3,"mixed",0.5915
16,10,160,2,2,0.5,"clean",NA
16,10,160,2,2,0.5,"random",0.3318
16,10,160,2,2,0.5,"longstring",0.5303
16,10,160,2,2,0.5,"pure_straight",0.7616
16,10,160,2,2,0.5,"acquiescent",0.7616
16,10,160,2,2,0.5,"mixed",0.5698
16,10,160,2,2,0.8,"clean",NA
16,10,160,2,2,0.8,"random",0.303
16,10,160,2,2,0.8,"longstring",0.4931
16,10,160,2,2,0.8,"pure_straight",0.723
16,10,160,2,2,0.8,"acquiescent",0.723
16,10,160,2,2,0.8,"mixed",0.5322
16,10,160,2,2,1,"clean",NA
16,10,160,2,2,1,"random",0.2907
16,10,160,2,2,1,"longstring",0.4769
16,10,160,2,2,1,"pure_straight",0.7056
16,10,160,2,2,1,"acquiescent",0.7056
16,10,160,2,2,1,"mixed",0.5157
16,10,160,2,2,1.5,"clean",NA
16,10,160,2,2,1.5,"random",0.4483
16,10,160,2,2,1.5,"longstring",0.4238
16,10,160,2,2,1.5,"pure_straight",0.6738
16,10,160,2,2,1.5,"acquiescent",0.6738
16,10,160,2,2,1.5,"mixed",0.4864
16,10,160,2,2.5,0.3,"clean",NA
16,10,160,2,2.5,0.3,"random",0.3488
16,10,160,2,2.5,0.3,"longstring",0.552
16,10,160,2,2.5,0.3,"pure_straight",0.783
16,10,160,2,2.5,0.3,"acquiescent",0.783
16,10,160,2,2.5,0.3,"mixed",0.5915
16,10,160,2,2.5,0.5,"clean",NA
16,10,160,2,2.5,0.5,"random",0.3318
16,10,160,2,2.5,0.5,"longstring",0.5303
16,10,160,2,2.5,0.5,"pure_straight",0.7616
16,10,160,2,2.5,0.5,"acquiescent",0.7616
16,10,160,2,2.5,0.5,"mixed",0.5698
16,10,160,2,2.5,0.8,"clean",NA
16,10,160,2,2.5,0.8,"random",0.303
16,10,160,2,2.5,0.8,"longstring",0.4931
16,10,160,2,2.5,0.8,"pure_straight",0.723
16,10,160,2,2.5,0.8,"acquiescent",0.723
16,10,160,2,2.5,0.8,"mixed",0.5322
16,10,160,2,2.5,1,"clean",NA
16,10,160,2,2.5,1,"random",0.2796
16,10,160,2,2.5,1,"longstring",0.4483
16,10,160,2,2.5,1,"pure_straight",0.6892
16,10,160,2,2.5,1,"acquiescent",0.6892
16,10,160,2,2.5,1,"mixed",0.5005
16,10,160,2,2.5,1.5,"clean",NA
16,10,160,2,2.5,1.5,"random",0.4128
16,10,160,2,2.5,1.5,"longstring",0.4024
16,10,160,2,2.5,1.5,"pure_straight",0.6455
16,10,160,2,2.5,1.5,"acquiescent",0.6455
16,10,160,2,2.5,1.5,"mixed",0.461
16,10,160,2,3,0.3,"clean",NA
16,10,160,2,3,0.3,"random",0.3488
16,10,160,2,3,0.3,"longstring",0.552
16,10,160,2,3,0.3,"pure_straight",0.783
16,10,160,2,3,0.3,"acquiescent",0.783
16,10,160,2,3,0.3,"mixed",0.5915
16,10,160,2,3,0.5,"clean",NA
16,10,160,2,3,0.5,"random",0.3318
16,10,160,2,3,0.5,"longstring",0.5303
16,10,160,2,3,0.5,"pure_straight",0.7616
16,10,160,2,3,0.5,"acquiescent",0.7616
16,10,160,2,3,0.5,"mixed",0.5698
16,10,160,2,3,0.8,"clean",NA
16,10,160,2,3,0.8,"random",0.2907
16,10,160,2,3,0.8,"longstring",0.4769
16,10,160,2,3,0.8,"pure_straight",0.7056
16,10,160,2,3,0.8,"acquiescent",0.7056
16,10,160,2,3,0.8,"mixed",0.5157
16,10,160,2,3,1,"clean",NA
16,10,160,2,3,1,"random",0.3731
16,10,160,2,3,1,"longstring",0.4483
16,10,160,2,3,1,"pure_straight",0.6892
16,10,160,2,3,1,"acquiescent",0.6892
16,10,160,2,3,1,"mixed",0.5005
16,10,160,2,3,1.5,"clean",NA
16,10,160,2,3,1.5,"random",0.3927
16,10,160,2,3,1.5,"longstring",0.3835
16,10,160,2,3,1.5,"pure_straight",0.6201
16,10,160,2,3,1.5,"acquiescent",0.6201
16,10,160,2,3,1.5,"mixed",0.4387
16,10,160,3,0,0.3,"clean",NA
16,10,160,3,0,0.3,"random",0.4155
16,10,160,3,0,0.3,"longstring",0.529
16,10,160,3,0,0.3,"pure_straight",0.723
16,10,160,3,0,0.3,"acquiescent",0.723
16,10,160,3,0,0.3,"mixed",0.4219
16,10,160,3,0,0.5,"clean",NA
16,10,160,3,0,0.5,"random",0.4155
16,10,160,3,0,0.5,"longstring",0.529
16,10,160,3,0,0.5,"pure_straight",0.723
16,10,160,3,0,0.5,"acquiescent",0.723
16,10,160,3,0,0.5,"mixed",0.4219
16,10,160,3,0,0.8,"clean",NA
16,10,160,3,0,0.8,"random",0.4155
16,10,160,3,0,0.8,"longstring",0.529
16,10,160,3,0,0.8,"pure_straight",0.723
16,10,160,3,0,0.8,"acquiescent",0.723
16,10,160,3,0,0.8,"mixed",0.4219
16,10,160,3,0,1,"clean",NA
16,10,160,3,0,1,"random",0.4155
16,10,160,3,0,1,"longstring",0.529
16,10,160,3,0,1,"pure_straight",0.723
16,10,160,3,0,1,"acquiescent",0.723
16,10,160,3,0,1,"mixed",0.4219
16,10,160,3,0,1.5,"clean",NA
16,10,160,3,0,1.5,"random",0.4155
16,10,160,3,0,1.5,"longstring",0.529
16,10,160,3,0,1.5,"pure_straight",0.723
16,10,160,3,0,1.5,"acquiescent",0.723
16,10,160,3,0,1.5,"mixed",0.4219
16,10,160,3,0.5,0.3,"clean",NA
16,10,160,3,0.5,0.3,"random",0.4155
16,10,160,3,0.5,0.3,"longstring",0.529
16,10,160,3,0.5,0.3,"pure_straight",0.723
16,10,160,3,0.5,0.3,"acquiescent",0.723
16,10,160,3,0.5,0.3,"mixed",0.4219
16,10,160,3,0.5,0.5,"clean",NA
16,10,160,3,0.5,0.5,"random",0.513
16,10,160,3,0.5,0.5,"longstring",0.529
16,10,160,3,0.5,0.5,"pure_straight",0.723
16,10,160,3,0.5,0.5,"acquiescent",0.723
16,10,160,3,0.5,0.5,"mixed",0.4219
16,10,160,3,0.5,0.8,"clean",NA
16,10,160,3,0.5,0.8,"random",0.513
16,10,160,3,0.5,0.8,"longstring",0.513
16,10,160,3,0.5,0.8,"pure_straight",0.723
16,10,160,3,0.5,0.8,"acquiescent",0.723
16,10,160,3,0.5,0.8,"mixed",0.4219
16,10,160,3,0.5,1,"clean",NA
16,10,160,3,0.5,1,"random",0.513
16,10,160,3,0.5,1,"longstring",0.513
16,10,160,3,0.5,1,"pure_straight",0.723
16,10,160,3,0.5,1,"acquiescent",0.723
16,10,160,3,0.5,1,"mixed",0.4219
16,10,160,3,0.5,1.5,"clean",NA
16,10,160,3,0.5,1.5,"random",0.513
16,10,160,3,0.5,1.5,"longstring",0.513
16,10,160,3,0.5,1.5,"pure_straight",0.723
16,10,160,3,0.5,1.5,"acquiescent",0.723
16,10,160,3,0.5,1.5,"mixed",0.4219
16,10,160,3,1,0.3,"clean",NA
16,10,160,3,1,0.3,"random",0.4155
16,10,160,3,1,0.3,"longstring",0.529
16,10,160,3,1,0.3,"pure_straight",0.723
16,10,160,3,1,0.3,"acquiescent",0.723
16,10,160,3,1,0.3,"mixed",0.4219
16,10,160,3,1,0.5,"clean",NA
16,10,160,3,1,0.5,"random",0.513
16,10,160,3,1,0.5,"longstring",0.513
16,10,160,3,1,0.5,"pure_straight",0.723
16,10,160,3,1,0.5,"acquiescent",0.723
16,10,160,3,1,0.5,"mixed",0.4219
16,10,160,3,1,0.8,"clean",NA
16,10,160,3,1,0.8,"random",0.513
16,10,160,3,1,0.8,"longstring",0.513
16,10,160,3,1,0.8,"pure_straight",0.723
16,10,160,3,1,0.8,"acquiescent",0.723
16,10,160,3,1,0.8,"mixed",0.4219
16,10,160,3,1,1,"clean",NA
16,10,160,3,1,1,"random",0.513
16,10,160,3,1,1,"longstring",0.513
16,10,160,3,1,1,"pure_straight",0.723
16,10,160,3,1,1,"acquiescent",0.723
16,10,160,3,1,1,"mixed",0.4219
16,10,160,3,1,1.5,"clean",NA
16,10,160,3,1,1.5,"random",0.4982
16,10,160,3,1,1.5,"longstring",0.4982
16,10,160,3,1,1.5,"pure_straight",0.7056
16,10,160,3,1,1.5,"acquiescent",0.7056
16,10,160,3,1,1.5,"mixed",0.409
16,10,160,3,1.5,0.3,"clean",NA
16,10,160,3,1.5,0.3,"random",0.513
16,10,160,3,1.5,0.3,"longstring",0.529
16,10,160,3,1.5,0.3,"pure_straight",0.723
16,10,160,3,1.5,0.3,"acquiescent",0.723
16,10,160,3,1.5,0.3,"mixed",0.4219
16,10,160,3,1.5,0.5,"clean",NA
16,10,160,3,1.5,0.5,"random",0.513
16,10,160,3,1.5,0.5,"longstring",0.513
16,10,160,3,1.5,0.5,"pure_straight",0.723
16,10,160,3,1.5,0.5,"acquiescent",0.723
16,10,160,3,1.5,0.5,"mixed",0.4219
16,10,160,3,1.5,0.8,"clean",NA
16,10,160,3,1.5,0.8,"random",0.513
16,10,160,3,1.5,0.8,"longstring",0.513
16,10,160,3,1.5,0.8,"pure_straight",0.723
16,10,160,3,1.5,0.8,"acquiescent",0.723
16,10,160,3,1.5,0.8,"mixed",0.4219
16,10,160,3,1.5,1,"clean",NA
16,10,160,3,1.5,1,"random",0.4982
16,10,160,3,1.5,1,"longstring",0.4982
16,10,160,3,1.5,1,"pure_straight",0.7056
16,10,160,3,1.5,1,"acquiescent",0.7056
16,10,160,3,1.5,1,"mixed",0.409
16,10,160,3,1.5,1.5,"clean",NA
16,10,160,3,1.5,1.5,"random",0.46
16,10,160,3,1.5,1.5,"longstring",0.4489
16,10,160,3,1.5,1.5,"pure_straight",0.6593
16,10,160,3,1.5,1.5,"acquiescent",0.6593
16,10,160,3,1.5,1.5,"mixed",0.3754
16,10,160,3,2,0.3,"clean",NA
16,10,160,3,2,0.3,"random",0.513
16,10,160,3,2,0.3,"longstring",0.529
16,10,160,3,2,0.3,"pure_straight",0.723
16,10,160,3,2,0.3,"acquiescent",0.723
16,10,160,3,2,0.3,"mixed",0.4219
16,10,160,3,2,0.5,"clean",NA
16,10,160,3,2,0.5,"random",0.513
16,10,160,3,2,0.5,"longstring",0.513
16,10,160,3,2,0.5,"pure_straight",0.723
16,10,160,3,2,0.5,"acquiescent",0.723
16,10,160,3,2,0.5,"mixed",0.4219
16,10,160,3,2,0.8,"clean",NA
16,10,160,3,2,0.8,"random",0.513
16,10,160,3,2,0.8,"longstring",0.513
16,10,160,3,2,0.8,"pure_straight",0.723
16,10,160,3,2,0.8,"acquiescent",0.723
16,10,160,3,2,0.8,"mixed",0.4219
16,10,160,3,2,1,"clean",NA
16,10,160,3,2,1,"random",0.4982
16,10,160,3,2,1,"longstring",0.4982
16,10,160,3,2,1,"pure_straight",0.7056
16,10,160,3,2,1,"acquiescent",0.7056
16,10,160,3,2,1,"mixed",0.409
16,10,160,3,2,1.5,"clean",NA
16,10,160,3,2,1.5,"random",0.46
16,10,160,3,2,1.5,"longstring",0.4489
16,10,160,3,2,1.5,"pure_straight",0.6593
16,10,160,3,2,1.5,"acquiescent",0.6593
16,10,160,3,2,1.5,"mixed",0.4495
16,10,160,3,2.5,0.3,"clean",NA
16,10,160,3,2.5,0.3,"random",0.513
16,10,160,3,2.5,0.3,"longstring",0.529
16,10,160,3,2.5,0.3,"pure_straight",0.723
16,10,160,3,2.5,0.3,"acquiescent",0.723
16,10,160,3,2.5,0.3,"mixed",0.4219
16,10,160,3,2.5,0.5,"clean",NA
16,10,160,3,2.5,0.5,"random",0.513
16,10,160,3,2.5,0.5,"longstring",0.513
16,10,160,3,2.5,0.5,"pure_straight",0.723
16,10,160,3,2.5,0.5,"acquiescent",0.723
16,10,160,3,2.5,0.5,"mixed",0.4219
16,10,160,3,2.5,0.8,"clean",NA
16,10,160,3,2.5,0.8,"random",0.4982
16,10,160,3,2.5,0.8,"longstring",0.4982
16,10,160,3,2.5,0.8,"pure_straight",0.7056
16,10,160,3,2.5,0.8,"acquiescent",0.7056
16,10,160,3,2.5,0.8,"mixed",0.409
16,10,160,3,2.5,1,"clean",NA
16,10,160,3,2.5,1,"random",0.46
16,10,160,3,2.5,1,"longstring",0.4489
16,10,160,3,2.5,1,"pure_straight",0.6593
16,10,160,3,2.5,1,"acquiescent",0.6593
16,10,160,3,2.5,1,"mixed",0.3754
16,10,160,3,2.5,1.5,"clean",NA
16,10,160,3,2.5,1.5,"random",0.4385
16,10,160,3,2.5,1.5,"longstring",0.4287
16,10,160,3,2.5,1.5,"pure_straight",0.6325
16,10,160,3,2.5,1.5,"acquiescent",0.6325
16,10,160,3,2.5,1.5,"mixed",0.4286
16,10,160,3,3,0.3,"clean",NA
16,10,160,3,3,0.3,"random",0.513
16,10,160,3,3,0.3,"longstring",0.529
16,10,160,3,3,0.3,"pure_straight",0.723
16,10,160,3,3,0.3,"acquiescent",0.723
16,10,160,3,3,0.3,"mixed",0.4219
16,10,160,3,3,0.5,"clean",NA
16,10,160,3,3,0.5,"random",0.513
16,10,160,3,3,0.5,"longstring",0.513
16,10,160,3,3,0.5,"pure_straight",0.723
16,10,160,3,3,0.5,"acquiescent",0.723
16,10,160,3,3,0.5,"mixed",0.4219
16,10,160,3,3,0.8,"clean",NA
16,10,160,3,3,0.8,"random",0.4982
16,10,160,3,3,0.8,"longstring",0.4982
16,10,160,3,3,0.8,"pure_straight",0.7056
16,10,160,3,3,0.8,"acquiescent",0.7056
16,10,160,3,3,0.8,"mixed",0.409
16,10,160,3,3,1,"clean",NA
16,10,160,3,3,1,"random",0.46
16,10,160,3,3,1,"longstring",0.4489
16,10,160,3,3,1,"pure_straight",0.6593
16,10,160,3,3,1,"acquiescent",0.6593
16,10,160,3,3,1,"mixed",0.3754
16,10,160,3,3,1.5,"clean",NA
16,10,160,3,3,1.5,"random",0.4287
16,10,160,3,3,1.5,"longstring",0.4195
16,10,160,3,3,1.5,"pure_straight",0.6201
16,10,160,3,3,1.5,"acquiescent",0.6201
16,10,160,3,3,1.5,"mixed",0.419
16,10,160,4,0,0.3,"clean",NA
16,10,160,4,0,0.3,"random",0.6696
16,10,160,4,0,0.3,"longstring",0.6156
16,10,160,4,0,0.3,"pure_straight",0.8062
16,10,160,4,0,0.3,"acquiescent",0.8062
16,10,160,4,0,0.3,"mixed",0.5016
16,10,160,4,0,0.5,"clean",NA
16,10,160,4,0,0.5,"random",0.6696
16,10,160,4,0,0.5,"longstring",0.6156
16,10,160,4,0,0.5,"pure_straight",0.8062
16,10,160,4,0,0.5,"acquiescent",0.8062
16,10,160,4,0,0.5,"mixed",0.5016
16,10,160,4,0,0.8,"clean",NA
16,10,160,4,0,0.8,"random",0.6696
16,10,160,4,0,0.8,"longstring",0.6156
16,10,160,4,0,0.8,"pure_straight",0.8062
16,10,160,4,0,0.8,"acquiescent",0.8062
16,10,160,4,0,0.8,"mixed",0.5016
16,10,160,4,0,1,"clean",NA
16,10,160,4,0,1,"random",0.6696
16,10,160,4,0,1,"longstring",0.6156
16,10,160,4,0,1,"pure_straight",0.8062
16,10,160,4,0,1,"acquiescent",0.8062
16,10,160,4,0,1,"mixed",0.5016
16,10,160,4,0,1.5,"clean",NA
16,10,160,4,0,1.5,"random",0.6696
16,10,160,4,0,1.5,"longstring",0.6156
16,10,160,4,0,1.5,"pure_straight",0.8062
16,10,160,4,0,1.5,"acquiescent",0.8062
16,10,160,4,0,1.5,"mixed",0.5016
16,10,160,4,0.5,0.3,"clean",NA
16,10,160,4,0.5,0.3,"random",0.6696
16,10,160,4,0.5,0.3,"longstring",0.6156
16,10,160,4,0.5,0.3,"pure_straight",0.8062
16,10,160,4,0.5,0.3,"acquiescent",0.8062
16,10,160,4,0.5,0.3,"mixed",0.5016
16,10,160,4,0.5,0.5,"clean",NA
16,10,160,4,0.5,0.5,"random",0.6696
16,10,160,4,0.5,0.5,"longstring",0.6156
16,10,160,4,0.5,0.5,"pure_straight",0.8062
16,10,160,4,0.5,0.5,"acquiescent",0.8062
16,10,160,4,0.5,0.5,"mixed",0.5016
16,10,160,4,0.5,0.8,"clean",NA
16,10,160,4,0.5,0.8,"random",0.6439
16,10,160,4,0.5,0.8,"longstring",0.5915
16,10,160,4,0.5,0.8,"pure_straight",0.783
16,10,160,4,0.5,0.8,"acquiescent",0.783
16,10,160,4,0.5,0.8,"mixed",0.4762
16,10,160,4,0.5,1,"clean",NA
16,10,160,4,0.5,1,"random",0.6439
16,10,160,4,0.5,1,"longstring",0.5915
16,10,160,4,0.5,1,"pure_straight",0.783
16,10,160,4,0.5,1,"acquiescent",0.783
16,10,160,4,0.5,1,"mixed",0.4762
16,10,160,4,0.5,1.5,"clean",NA
16,10,160,4,0.5,1.5,"random",0.6208
16,10,160,4,0.5,1.5,"longstring",0.5698
16,10,160,4,0.5,1.5,"pure_straight",0.7616
16,10,160,4,0.5,1.5,"acquiescent",0.7616
16,10,160,4,0.5,1.5,"mixed",0.454
16,10,160,4,1,0.3,"clean",NA
16,10,160,4,1,0.3,"random",0.6696
16,10,160,4,1,0.3,"longstring",0.6156
16,10,160,4,1,0.3,"pure_straight",0.8062
16,10,160,4,1,0.3,"acquiescent",0.8062
16,10,160,4,1,0.3,"mixed",0.5016
16,10,160,4,1,0.5,"clean",NA
16,10,160,4,1,0.5,"random",0.6439
16,10,160,4,1,0.5,"longstring",0.5915
16,10,160,4,1,0.5,"pure_straight",0.783
16,10,160,4,1,0.5,"acquiescent",0.783
16,10,160,4,1,0.5,"mixed",0.4762
16,10,160,4,1,0.8,"clean",NA
16,10,160,4,1,0.8,"random",0.6439
16,10,160,4,1,0.8,"longstring",0.5915
16,10,160,4,1,0.8,"pure_straight",0.783
16,10,160,4,1,0.8,"acquiescent",0.783
16,10,160,4,1,0.8,"mixed",0.4762
16,10,160,4,1,1,"clean",NA
16,10,160,4,1,1,"random",0.6208
16,10,160,4,1,1,"longstring",0.5698
16,10,160,4,1,1,"pure_straight",0.7616
16,10,160,4,1,1,"acquiescent",0.7616
16,10,160,4,1,1,"mixed",0.454
16,10,160,4,1,1.5,"clean",NA
16,10,160,4,1,1.5,"random",0.5807
16,10,160,4,1,1.5,"longstring",0.5322
16,10,160,4,1,1.5,"pure_straight",0.723
16,10,160,4,1,1.5,"acquiescent",0.723
16,10,160,4,1,1.5,"mixed",0.4167
16,10,160,4,1.5,0.3,"clean",NA
16,10,160,4,1.5,0.3,"random",0.6696
16,10,160,4,1.5,0.3,"longstring",0.6156
16,10,160,4,1.5,0.3,"pure_straight",0.8062
16,10,160,4,1.5,0.3,"acquiescent",0.8062
16,10,160,4,1.5,0.3,"mixed",0.5016
16,10,160,4,1.5,0.5,"clean",NA
16,10,160,4,1.5,0.5,"random",0.6439
16,10,160,4,1.5,0.5,"longstring",0.5915
16,10,160,4,1.5,0.5,"pure_straight",0.783
16,10,160,4,1.5,0.5,"acquiescent",0.783
16,10,160,4,1.5,0.5,"mixed",0.4762
16,10,160,4,1.5,0.8,"clean",NA
16,10,160,4,1.5,0.8,"random",0.6208
16,10,160,4,1.5,0.8,"longstring",0.5698
16,10,160,4,1.5,0.8,"pure_straight",0.7616
16,10,160,4,1.5,0.8,"acquiescent",0.7616
16,10,160,4,1.5,0.8,"mixed",0.454
16,10,160,4,1.5,1,"clean",NA
16,10,160,4,1.5,1,"random",0.5998
16,10,160,4,1.5,1,"longstring",0.5501
16,10,160,4,1.5,1,"pure_straight",0.7416
16,10,160,4,1.5,1,"acquiescent",0.7416
16,10,160,4,1.5,1,"mixed",0.4343
16,10,160,4,1.5,1.5,"clean",NA
16,10,160,4,1.5,1.5,"random",0.5807
16,10,160,4,1.5,1.5,"longstring",0.5322
16,10,160,4,1.5,1.5,"pure_straight",0.723
16,10,160,4,1.5,1.5,"acquiescent",0.723
16,10,160,4,1.5,1.5,"mixed",0.4167
16,10,160,4,2,0.3,"clean",NA
16,10,160,4,2,0.3,"random",0.6696
16,10,160,4,2,0.3,"longstring",0.6156
16,10,160,4,2,0.3,"pure_straight",0.8062
16,10,160,4,2,0.3,"acquiescent",0.8062
16,10,160,4,2,0.3,"mixed",0.5016
16,10,160,4,2,0.5,"clean",NA
16,10,160,4,2,0.5,"random",0.6439
16,10,160,4,2,0.5,"longstring",0.5915
16,10,160,4,2,0.5,"pure_straight",0.783
16,10,160,4,2,0.5,"acquiescent",0.783
16,10,160,4,2,0.5,"mixed",0.4762
16,10,160,4,2,0.8,"clean",NA
16,10,160,4,2,0.8,"random",0.6208
16,10,160,4,2,0.8,"longstring",0.5698
16,10,160,4,2,0.8,"pure_straight",0.7616
16,10,160,4,2,0.8,"acquiescent",0.7616
16,10,160,4,2,0.8,"mixed",0.454
16,10,160,4,2,1,"clean",NA
16,10,160,4,2,1,"random",0.5807
16,10,160,4,2,1,"longstring",0.5322
16,10,160,4,2,1,"pure_straight",0.723
16,10,160,4,2,1,"acquiescent",0.723
16,10,160,4,2,1,"mixed",0.4167
16,10,160,4,2,1.5,"clean",NA
16,10,160,4,2,1.5,"random",0.5469
16,10,160,4,2,1.5,"longstring",0.5005
16,10,160,4,2,1.5,"pure_straight",0.6892
16,10,160,4,2,1.5,"acquiescent",0.6892
16,10,160,4,2,1.5,"mixed",0.3863
16,10,160,4,2.5,0.3,"clean",NA
16,10,160,4,2.5,0.3,"random",0.6696
16,10,160,4,2.5,0.3,"longstring",0.6156
16,10,160,4,2.5,0.3,"pure_straight",0.8062
16,10,160,4,2.5,0.3,"acquiescent",0.8062
16,10,160,4,2.5,0.3,"mixed",0.5016
16,10,160,4,2.5,0.5,"clean",NA
16,10,160,4,2.5,0.5,"random",0.6439
16,10,160,4,2.5,0.5,"longstring",0.5915
16,10,160,4,2.5,0.5,"pure_straight",0.783
16,10,160,4,2.5,0.5,"acquiescent",0.783
16,10,160,4,2.5,0.5,"mixed",0.4762
16,10,160,4,2.5,0.8,"clean",NA
16,10,160,4,2.5,0.8,"random",0.5998
16,10,160,4,2.5,0.8,"longstring",0.5501
16,10,160,4,2.5,0.8,"pure_straight",0.7416
16,10,160,4,2.5,0.8,"acquiescent",0.7416
16,10,160,4,2.5,0.8,"mixed",0.4343
16,10,160,4,2.5,1,"clean",NA
16,10,160,4,2.5,1,"random",0.5807
16,10,160,4,2.5,1,"longstring",0.5322
16,10,160,4,2.5,1,"pure_straight",0.723
16,10,160,4,2.5,1,"acquiescent",0.723
16,10,160,4,2.5,1,"mixed",0.4167
16,10,160,4,2.5,1.5,"clean",NA
16,10,160,4,2.5,1.5,"random",0.5469
16,10,160,4,2.5,1.5,"longstring",0.5005
16,10,160,4,2.5,1.5,"pure_straight",0.6892
16,10,160,4,2.5,1.5,"acquiescent",0.6892
16,10,160,4,2.5,1.5,"mixed",0.3863
16,10,160,4,3,0.3,"clean",NA
16,10,160,4,3,0.3,"random",0.6696
16,10,160,4,3,0.3,"longstring",0.6156
16,10,160,4,3,0.3,"pure_straight",0.8062
16,10,160,4,3,0.3,"acquiescent",0.8062
16,10,160,4,3,0.3,"mixed",0.5016
16,10,160,4,3,0.5,"clean",NA
16,10,160,4,3,0.5,"random",0.6439
16,10,160,4,3,0.5,"longstring",0.5915
16,10,160,4,3,0.5,"pure_straight",0.783
16,10,160,4,3,0.5,"acquiescent",0.783
16,10,160,4,3,0.5,"mixed",0.4762
16,10,160,4,3,0.8,"clean",NA
16,10,160,4,3,0.8,"random",0.5998
16,10,160,4,3,0.8,"longstring",0.5501
16,10,160,4,3,0.8,"pure_straight",0.7416
16,10,160,4,3,0.8,"acquiescent",0.7416
16,10,160,4,3,0.8,"mixed",0.4343
16,10,160,4,3,1,"clean",NA
16,10,160,4,3,1,"random",0.5631
16,10,160,4,3,1,"longstring",0.5157
16,10,160,4,3,1,"pure_straight",0.7056
16,10,160,4,3,1,"acquiescent",0.7056
16,10,160,4,3,1,"mixed",0.4008
16,10,160,4,3,1.5,"clean",NA
16,10,160,4,3,1.5,"random",0.5319
16,10,160,4,3,1.5,"longstring",0.4864
16,10,160,4,3,1.5,"pure_straight",0.6738
16,10,160,4,3,1.5,"acquiescent",0.6738
16,10,160,4,3,1.5,"mixed",0.3731
16,10,160,5,0,0.3,"clean",NA
16,10,160,5,0,0.3,"random",0.4928
16,10,160,5,0,0.3,"longstring",0.2985
16,10,160,5,0,0.3,"pure_straight",0.6455
16,10,160,5,0,0.3,"acquiescent",0.598
16,10,160,5,0,0.3,"mixed",0.2827
16,10,160,5,0,0.5,"clean",NA
16,10,160,5,0,0.5,"random",0.4928
16,10,160,5,0,0.5,"longstring",0.2985
16,10,160,5,0,0.5,"pure_straight",0.6455
16,10,160,5,0,0.5,"acquiescent",0.598
16,10,160,5,0,0.5,"mixed",0.2827
16,10,160,5,0,0.8,"clean",NA
16,10,160,5,0,0.8,"random",0.4928
16,10,160,5,0,0.8,"longstring",0.2985
16,10,160,5,0,0.8,"pure_straight",0.6455
16,10,160,5,0,0.8,"acquiescent",0.598
16,10,160,5,0,0.8,"mixed",0.2827
16,10,160,5,0,1,"clean",NA
16,10,160,5,0,1,"random",0.4928
16,10,160,5,0,1,"longstring",0.2985
16,10,160,5,0,1,"pure_straight",0.6455
16,10,160,5,0,1,"acquiescent",0.598
16,10,160,5,0,1,"mixed",0.2827
16,10,160,5,0,1.5,"clean",NA
16,10,160,5,0,1.5,"random",0.4928
16,10,160,5,0,1.5,"longstring",0.2985
16,10,160,5,0,1.5,"pure_straight",0.6455
16,10,160,5,0,1.5,"acquiescent",0.598
16,10,160,5,0,1.5,"mixed",0.2827
16,10,160,5,0.5,0.3,"clean",NA
16,10,160,5,0.5,0.3,"random",0.4928
16,10,160,5,0.5,0.3,"longstring",0.2985
16,10,160,5,0.5,0.3,"pure_straight",0.6455
16,10,160,5,0.5,0.3,"acquiescent",0.598
16,10,160,5,0.5,0.3,"mixed",0.2827
16,10,160,5,0.5,0.5,"clean",NA
16,10,160,5,0.5,0.5,"random",0.4928
16,10,160,5,0.5,0.5,"longstring",0.2985
16,10,160,5,0.5,0.5,"pure_straight",0.6455
16,10,160,5,0.5,0.5,"acquiescent",0.598
16,10,160,5,0.5,0.5,"mixed",0.2827
16,10,160,5,0.5,0.8,"clean",NA
16,10,160,5,0.5,0.8,"random",0.4814
16,10,160,5,0.5,0.8,"longstring",0.2899
16,10,160,5,0.5,0.8,"pure_straight",0.6325
16,10,160,5,0.5,0.8,"acquiescent",0.5853
16,10,160,5,0.5,0.8,"mixed",0.274
16,10,160,5,0.5,1,"clean",NA
16,10,160,5,0.5,1,"random",0.4814
16,10,160,5,0.5,1,"longstring",0.2899
16,10,160,5,0.5,1,"pure_straight",0.6325
16,10,160,5,0.5,1,"acquiescent",0.5853
16,10,160,5,0.5,1,"mixed",0.274
16,10,160,5,0.5,1.5,"clean",NA
16,10,160,5,0.5,1.5,"random",0.4604
16,10,160,5,0.5,1.5,"longstring",0.2742
16,10,160,5,0.5,1.5,"pure_straight",0.6083
16,10,160,5,0.5,1.5,"acquiescent",0.5617
16,10,160,5,0.5,1.5,"mixed",0.3501
16,10,160,5,1,0.3,"clean",NA
16,10,160,5,1,0.3,"random",0.4928
16,10,160,5,1,0.3,"longstring",0.2985
16,10,160,5,1,0.3,"pure_straight",0.6455
16,10,160,5,1,0.3,"acquiescent",0.598
16,10,160,5,1,0.3,"mixed",0.2827
16,10,160,5,1,0.5,"clean",NA
16,10,160,5,1,0.5,"random",0.4814
16,10,160,5,1,0.5,"longstring",0.2899
16,10,160,5,1,0.5,"pure_straight",0.6325
16,10,160,5,1,0.5,"acquiescent",0.5853
16,10,160,5,1,0.5,"mixed",0.274
16,10,160,5,1,0.8,"clean",NA
16,10,160,5,1,0.8,"random",0.4706
16,10,160,5,1,0.8,"longstring",0.2818
16,10,160,5,1,0.8,"pure_straight",0.6201
16,10,160,5,1,0.8,"acquiescent",0.5732
16,10,160,5,1,0.8,"mixed",0.266
16,10,160,5,1,1,"clean",NA
16,10,160,5,1,1,"random",0.4604
16,10,160,5,1,1,"longstring",0.2742
16,10,160,5,1,1,"pure_straight",0.6083
16,10,160,5,1,1,"acquiescent",0.5617
16,10,160,5,1,1,"mixed",0.3501
16,10,160,5,1,1.5,"clean",NA
16,10,160,5,1,1.5,"random",0.4508
16,10,160,5,1,1.5,"longstring",0.267
16,10,160,5,1,1.5,"pure_straight",0.597
16,10,160,5,1,1.5,"acquiescent",0.5507
16,10,160,5,1,1.5,"mixed",0.4287
16,10,160,5,1.5,0.3,"clean",NA
16,10,160,5,1.5,0.3,"random",0.4928
16,10,160,5,1.5,0.3,"longstring",0.2985
16,10,160,5,1.5,0.3,"pure_straight",0.6455
16,10,160,5,1.5,0.3,"acquiescent",0.598
16,10,160,5,1.5,0.3,"mixed",0.2827
16,10,160,5,1.5,0.5,"clean",NA
16,10,160,5,1.5,0.5,"random",0.4814
16,10,160,5,1.5,0.5,"longstring",0.2899
16,10,160,5,1.5,0.5,"pure_straight",0.6325
16,10,160,5,1.5,0.5,"acquiescent",0.5853
16,10,160,5,1.5,0.5,"mixed",0.274
16,10,160,5,1.5,0.8,"clean",NA
16,10,160,5,1.5,0.8,"random",0.4604
16,10,160,5,1.5,0.8,"longstring",0.2742
16,10,160,5,1.5,0.8,"pure_straight",0.6083
16,10,160,5,1.5,0.8,"acquiescent",0.5617
16,10,160,5,1.5,0.8,"mixed",0.3501
16,10,160,5,1.5,1,"clean",NA
16,10,160,5,1.5,1,"random",0.4604
16,10,160,5,1.5,1,"longstring",0.2742
16,10,160,5,1.5,1,"pure_straight",0.6083
16,10,160,5,1.5,1,"acquiescent",0.5617
16,10,160,5,1.5,1,"mixed",0.4385
16,10,160,5,1.5,1.5,"clean",NA
16,10,160,5,1.5,1.5,"random",0.4331
16,10,160,5,1.5,1.5,"longstring",0.2537
16,10,160,5,1.5,1.5,"pure_straight",0.576
16,10,160,5,1.5,1.5,"acquiescent",0.576
16,10,160,5,1.5,1.5,"mixed",0.4107
16,10,160,5,2,0.3,"clean",NA
16,10,160,5,2,0.3,"random",0.4928
16,10,160,5,2,0.3,"longstring",0.2985
16,10,160,5,2,0.3,"pure_straight",0.6455
16,10,160,5,2,0.3,"acquiescent",0.598
16,10,160,5,2,0.3,"mixed",0.2827
16,10,160,5,2,0.5,"clean",NA
16,10,160,5,2,0.5,"random",0.4814
16,10,160,5,2,0.5,"longstring",0.2899
16,10,160,5,2,0.5,"pure_straight",0.6325
16,10,160,5,2,0.5,"acquiescent",0.5853
16,10,160,5,2,0.5,"mixed",0.274
16,10,160,5,2,0.8,"clean",NA
16,10,160,5,2,0.8,"random",0.4604
16,10,160,5,2,0.8,"longstring",0.2742
16,10,160,5,2,0.8,"pure_straight",0.6083
16,10,160,5,2,0.8,"acquiescent",0.5617
16,10,160,5,2,0.8,"mixed",0.4385
16,10,160,5,2,1,"clean",NA
16,10,160,5,2,1,"random",0.4508
16,10,160,5,2,1,"longstring",0.267
16,10,160,5,2,1,"pure_straight",0.597
16,10,160,5,2,1,"acquiescent",0.597
16,10,160,5,2,1,"mixed",0.4287
16,10,160,5,2,1.5,"clean",NA
16,10,160,5,2,1.5,"random",0.417
16,10,160,5,2,1.5,"longstring",0.3107
16,10,160,5,2,1.5,"pure_straight",0.5568
16,10,160,5,2,1.5,"acquiescent",0.5568
16,10,160,5,2,1.5,"mixed",0.3945
16,10,160,5,2.5,0.3,"clean",NA
16,10,160,5,2.5,0.3,"random",0.4928
16,10,160,5,2.5,0.3,"longstring",0.2985
16,10,160,5,2.5,0.3,"pure_straight",0.6455
16,10,160,5,2.5,0.3,"acquiescent",0.598
16,10,160,5,2.5,0.3,"mixed",0.2827
16,10,160,5,2.5,0.5,"clean",NA
16,10,160,5,2.5,0.5,"random",0.4814
16,10,160,5,2.5,0.5,"longstring",0.2899
16,10,160,5,2.5,0.5,"pure_straight",0.6325
16,10,160,5,2.5,0.5,"acquiescent",0.5853
16,10,160,5,2.5,0.5,"mixed",0.274
16,10,160,5,2.5,0.8,"clean",NA
16,10,160,5,2.5,0.8,"random",0.4604
16,10,160,5,2.5,0.8,"longstring",0.2742
16,10,160,5,2.5,0.8,"pure_straight",0.6083
16,10,160,5,2.5,0.8,"acquiescent",0.6083
16,10,160,5,2.5,0.8,"mixed",0.4385
16,10,160,5,2.5,1,"clean",NA
16,10,160,5,2.5,1,"random",0.4417
16,10,160,5,2.5,1,"longstring",0.2602
16,10,160,5,2.5,1,"pure_straight",0.5863
16,10,160,5,2.5,1,"acquiescent",0.5863
16,10,160,5,2.5,1,"mixed",0.4195
16,10,160,5,2.5,1.5,"clean",NA
16,10,160,5,2.5,1.5,"random",0.417
16,10,160,5,2.5,1.5,"longstring",0.3107
16,10,160,5,2.5,1.5,"pure_straight",0.5568
16,10,160,5,2.5,1.5,"acquiescent",0.5568
16,10,160,5,2.5,1.5,"mixed",0.3945
16,10,160,5,3,0.3,"clean",NA
16,10,160,5,3,0.3,"random",0.4928
16,10,160,5,3,0.3,"longstring",0.2985
16,10,160,5,3,0.3,"pure_straight",0.6455
16,10,160,5,3,0.3,"acquiescent",0.598
16,10,160,5,3,0.3,"mixed",0.2827
16,10,160,5,3,0.5,"clean",NA
16,10,160,5,3,0.5,"random",0.4814
16,10,160,5,3,0.5,"longstring",0.2899
16,10,160,5,3,0.5,"pure_straight",0.6325
16,10,160,5,3,0.5,"acquiescent",0.5853
16,10,160,5,3,0.5,"mixed",0.274
16,10,160,5,3,0.8,"clean",NA
16,10,160,5,3,0.8,"random",0.4508
16,10,160,5,3,0.8,"longstring",0.267
16,10,160,5,3,0.8,"pure_straight",0.597
16,10,160,5,3,0.8,"acquiescent",0.597
16,10,160,5,3,0.8,"mixed",0.4287
16,10,160,5,3,1,"clean",NA
16,10,160,5,3,1,"random",0.4331
16,10,160,5,3,1,"longstring",0.2537
16,10,160,5,3,1,"pure_straight",0.576
16,10,160,5,3,1,"acquiescent",0.576
16,10,160,5,3,1,"mixed",0.4107
16,10,160,5,3,1.5,"clean",NA
16,10,160,5,3,1.5,"random",0.4095
16,10,160,5,3,1.5,"longstring",0.3043
16,10,160,5,3,1.5,"pure_straight",0.5477
16,10,160,5,3,1.5,"acquiescent",0.5477
16,10,160,5,3,1.5,"mixed",0.3799
30,10,300,1,0,0.3,"clean",NA
30,10,300,1,0,0.3,"random",0.5091
30,10,300,1,0,0.3,"longstring",0.4042
30,10,300,1,0,0.3,"pure_straight",1
30,10,300,1,0,0.3,"acquiescent",0.9554
30,10,300,1,0,0.3,"mixed",0.4042
30,10,300,1,0,0.5,"clean",NA
30,10,300,1,0,0.5,"random",0.5091
30,10,300,1,0,0.5,"longstring",0.4042
30,10,300,1,0,0.5,"pure_straight",1
30,10,300,1,0,0.5,"acquiescent",0.9554
30,10,300,1,0,0.5,"mixed",0.4042
30,10,300,1,0,0.8,"clean",NA
30,10,300,1,0,0.8,"random",0.5091
30,10,300,1,0,0.8,"longstring",0.4042
30,10,300,1,0,0.8,"pure_straight",1
30,10,300,1,0,0.8,"acquiescent",0.9554
30,10,300,1,0,0.8,"mixed",0.4042
30,10,300,1,0,1,"clean",NA
30,10,300,1,0,1,"random",0.5091
30,10,300,1,0,1,"longstring",0.4042
30,10,300,1,0,1,"pure_straight",1
30,10,300,1,0,1,"acquiescent",0.9554
30,10,300,1,0,1,"mixed",0.4042
30,10,300,1,0,1.5,"clean",NA
30,10,300,1,0,1.5,"random",0.5091
30,10,300,1,0,1.5,"longstring",0.4042
30,10,300,1,0,1.5,"pure_straight",1
30,10,300,1,0,1.5,"acquiescent",0.9554
30,10,300,1,0,1.5,"mixed",0.4042
30,10,300,1,0.5,0.3,"clean",NA
30,10,300,1,0.5,0.3,"random",0.5091
30,10,300,1,0.5,0.3,"longstring",0.4042
30,10,300,1,0.5,0.3,"pure_straight",1
30,10,300,1,0.5,0.3,"acquiescent",0.9554
30,10,300,1,0.5,0.3,"mixed",0.4042
30,10,300,1,0.5,0.5,"clean",NA
30,10,300,1,0.5,0.5,"random",0.5091
30,10,300,1,0.5,0.5,"longstring",0.4042
30,10,300,1,0.5,0.5,"pure_straight",1
30,10,300,1,0.5,0.5,"acquiescent",0.9554
30,10,300,1,0.5,0.5,"mixed",0.4042
30,10,300,1,0.5,0.8,"clean",NA
30,10,300,1,0.5,0.8,"random",0.5091
30,10,300,1,0.5,0.8,"longstring",0.4042
30,10,300,1,0.5,0.8,"pure_straight",1
30,10,300,1,0.5,0.8,"acquiescent",0.9554
30,10,300,1,0.5,0.8,"mixed",0.4042
30,10,300,1,0.5,1,"clean",NA
30,10,300,1,0.5,1,"random",0.5091
30,10,300,1,0.5,1,"longstring",0.4042
30,10,300,1,0.5,1,"pure_straight",1
30,10,300,1,0.5,1,"acquiescent",0.9554
30,10,300,1,0.5,1,"mixed",0.4042
30,10,300,1,0.5,1.5,"clean",NA
30,10,300,1,0.5,1.5,"random",0.5091
30,10,300,1,0.5,1.5,"longstring",0.4042
30,10,300,1,0.5,1.5,"pure_straight",1
30,10,300,1,0.5,1.5,"acquiescent",0.9554
30,10,300,1,0.5,1.5,"mixed",0.4042
30,10,300,1,1,0.3,"clean",NA
30,10,300,1,1,0.3,"random",0.5091
30,10,300,1,1,0.3,"longstring",0.4042
30,10,300,1,1,0.3,"pure_straight",1
30,10,300,1,1,0.3,"acquiescent",0.9554
30,10,300,1,1,0.3,"mixed",0.4042
30,10,300,1,1,0.5,"clean",NA
30,10,300,1,1,0.5,"random",0.5091
30,10,300,1,1,0.5,"longstring",0.4042
30,10,300,1,1,0.5,"pure_straight",1
30,10,300,1,1,0.5,"acquiescent",0.9554
30,10,300,1,1,0.5,"mixed",0.4042
30,10,300,1,1,0.8,"clean",NA
30,10,300,1,1,0.8,"random",0.5091
30,10,300,1,1,0.8,"longstring",0.4042
30,10,300,1,1,0.8,"pure_straight",1
30,10,300,1,1,0.8,"acquiescent",0.9554
30,10,300,1,1,0.8,"mixed",0.4042
30,10,300,1,1,1,"clean",NA
30,10,300,1,1,1,"random",0.5091
30,10,300,1,1,1,"longstring",0.4042
30,10,300,1,1,1,"pure_straight",1
30,10,300,1,1,1,"acquiescent",0.9554
30,10,300,1,1,1,"mixed",0.4042
30,10,300,1,1,1.5,"clean",NA
30,10,300,1,1,1.5,"random",0.5091
30,10,300,1,1,1.5,"longstring",0.4042
30,10,300,1,1,1.5,"pure_straight",1
30,10,300,1,1,1.5,"acquiescent",0.9554
30,10,300,1,1,1.5,"mixed",0.5727
30,10,300,1,1.5,0.3,"clean",NA
30,10,300,1,1.5,0.3,"random",0.5091
30,10,300,1,1.5,0.3,"longstring",0.4042
30,10,300,1,1.5,0.3,"pure_straight",1
30,10,300,1,1.5,0.3,"acquiescent",0.9554
30,10,300,1,1.5,0.3,"mixed",0.4042
30,10,300,1,1.5,0.5,"clean",NA
30,10,300,1,1.5,0.5,"random",0.5091
30,10,300,1,1.5,0.5,"longstring",0.4042
30,10,300,1,1.5,0.5,"pure_straight",1
30,10,300,1,1.5,0.5,"acquiescent",0.9554
30,10,300,1,1.5,0.5,"mixed",0.4042
30,10,300,1,1.5,0.8,"clean",NA
30,10,300,1,1.5,0.8,"random",0.5091
30,10,300,1,1.5,0.8,"longstring",0.4042
30,10,300,1,1.5,0.8,"pure_straight",1
30,10,300,1,1.5,0.8,"acquiescent",0.9554
30,10,300,1,1.5,0.8,"mixed",0.4042
30,10,300,1,1.5,1,"clean",NA
30,10,300,1,1.5,1,"random",0.5091
30,10,300,1,1.5,1,"longstring",0.4042
30,10,300,1,1.5,1,"pure_straight",1
30,10,300,1,1.5,1,"acquiescent",0.9554
30,10,300,1,1.5,1,"mixed",0.4042
30,10,300,1,1.5,1.5,"clean",NA
30,10,300,1,1.5,1.5,"random",0.5091
30,10,300,1,1.5,1.5,"longstring",0.4042
30,10,300,1,1.5,1.5,"pure_straight",1
30,10,300,1,1.5,1.5,"acquiescent",1
30,10,300,1,1.5,1.5,"mixed",0.5727
30,10,300,1,2,0.3,"clean",NA
30,10,300,1,2,0.3,"random",0.5091
30,10,300,1,2,0.3,"longstring",0.4042
30,10,300,1,2,0.3,"pure_straight",1
30,10,300,1,2,0.3,"acquiescent",0.9554
30,10,300,1,2,0.3,"mixed",0.4042
30,10,300,1,2,0.5,"clean",NA
30,10,300,1,2,0.5,"random",0.5091
30,10,300,1,2,0.5,"longstring",0.4042
30,10,300,1,2,0.5,"pure_straight",1
30,10,300,1,2,0.5,"acquiescent",0.9554
30,10,300,1,2,0.5,"mixed",0.4042
30,10,300,1,2,0.8,"clean",NA
30,10,300,1,2,0.8,"random",0.5091
30,10,300,1,2,0.8,"longstring",0.4042
30,10,300,1,2,0.8,"pure_straight",1
30,10,300,1,2,0.8,"acquiescent",1
30,10,300,1,2,0.8,"mixed",0.4042
30,10,300,1,2,1,"clean",NA
30,10,300,1,2,1,"random",0.5091
30,10,300,1,2,1,"longstring",0.4042
30,10,300,1,2,1,"pure_straight",1
30,10,300,1,2,1,"acquiescent",1
30,10,300,1,2,1,"mixed",0.5727
30,10,300,1,2,1.5,"clean",NA
30,10,300,1,2,1.5,"random",0.5091
30,10,300,1,2,1.5,"longstring",0.5727
30,10,300,1,2,1.5,"pure_straight",1
30,10,300,1,2,1.5,"acquiescent",1
30,10,300,1,2,1.5,"mixed",0.5727
30,10,300,1,2.5,0.3,"clean",NA
30,10,300,1,2.5,0.3,"random",0.5091
30,10,300,1,2.5,0.3,"longstring",0.4042
30,10,300,1,2.5,0.3,"pure_straight",1
30,10,300,1,2.5,0.3,"acquiescent",0.9554
30,10,300,1,2.5,0.3,"mixed",0.4042
30,10,300,1,2.5,0.5,"clean",NA
30,10,300,1,2.5,0.5,"random",0.5091
30,10,300,1,2.5,0.5,"longstring",0.4042
30,10,300,1,2.5,0.5,"pure_straight",1
30,10,300,1,2.5,0.5,"acquiescent",0.9554
30,10,300,1,2.5,0.5,"mixed",0.4042
30,10,300,1,2.5,0.8,"clean",NA
30,10,300,1,2.5,0.8,"random",0.5091
30,10,300,1,2.5,0.8,"longstring",0.4042
30,10,300,1,2.5,0.8,"pure_straight",1
30,10,300,1,2.5,0.8,"acquiescent",1
30,10,300,1,2.5,0.8,"mixed",0.5727
30,10,300,1,2.5,1,"clean",NA
30,10,300,1,2.5,1,"random",0.5091
30,10,300,1,2.5,1,"longstring",0.4042
30,10,300,1,2.5,1,"pure_straight",1
30,10,300,1,2.5,1,"acquiescent",1
30,10,300,1,2.5,1,"mixed",0.5727
30,10,300,1,2.5,1.5,"clean",NA
30,10,300,1,2.5,1.5,"random",0.5091
30,10,300,1,2.5,1.5,"longstring",0.5727
30,10,300,1,2.5,1.5,"pure_straight",1
30,10,300,1,2.5,1.5,"acquiescent",1
30,10,300,1,2.5,1.5,"mixed",0.5727
30,10,300,1,3,0.3,"clean",NA
30,10,300,1,3,0.3,"random",0.5091
30,10,300,1,3,0.3,"longstring",0.4042
30,10,300,1,3,0.3,"pure_straight",1
30,10,300,1,3,0.3,"acquiescent",0.9554
30,10,300,1,3,0.3,"mixed",0.4042
30,10,300,1,3,0.5,"clean",NA
30,10,300,1,3,0.5,"random",0.5091
30,10,300,1,3,0.5,"longstring",0.4042
30,10,300,1,3,0.5,"pure_straight",1
30,10,300,1,3,0.5,"acquiescent",0.9554
30,10,300,1,3,0.5,"mixed",0.4042
30,10,300,1,3,0.8,"clean",NA
30,10,300,1,3,0.8,"random",0.5091
30,10,300,1,3,0.8,"longstring",0.4042
30,10,300,1,3,0.8,"pure_straight",1
30,10,300,1,3,0.8,"acquiescent",1
30,10,300,1,3,0.8,"mixed",0.5727
30,10,300,1,3,1,"clean",NA
30,10,300,1,3,1,"random",0.5091
30,10,300,1,3,1,"longstring",0.4042
30,10,300,1,3,1,"pure_straight",1
30,10,300,1,3,1,"acquiescent",1
30,10,300,1,3,1,"mixed",0.5727
30,10,300,1,3,1.5,"clean",NA
30,10,300,1,3,1.5,"random",0.6649
30,10,300,1,3,1.5,"longstring",0.5727
30,10,300,1,3,1.5,"pure_straight",1
30,10,300,1,3,1.5,"acquiescent",1
30,10,300,1,3,1.5,"mixed",0.5727
30,10,300,2,0,0.3,"clean",NA
30,10,300,2,0,0.3,"random",0
30,10,300,2,0,0.3,"longstring",0.4042
30,10,300,2,0,0.3,"pure_straight",1
30,10,300,2,0,0.3,"acquiescent",1
30,10,300,2,0,0.3,"mixed",0.2794
30,10,300,2,0,0.5,"clean",NA
30,10,300,2,0,0.5,"random",0
30,10,300,2,0,0.5,"longstring",0.4042
30,10,300,2,0,0.5,"pure_straight",1
30,10,300,2,0,0.5,"acquiescent",1
30,10,300,2,0,0.5,"mixed",0.2794
30,10,300,2,0,0.8,"clean",NA
30,10,300,2,0,0.8,"random",0
30,10,300,2,0,0.8,"longstring",0.4042
30,10,300,2,0,0.8,"pure_straight",1
30,10,300,2,0,0.8,"acquiescent",1
30,10,300,2,0,0.8,"mixed",0.2794
30,10,300,2,0,1,"clean",NA
30,10,300,2,0,1,"random",0
30,10,300,2,0,1,"longstring",0.4042
30,10,300,2,0,1,"pure_straight",1
30,10,300,2,0,1,"acquiescent",1
30,10,300,2,0,1,"mixed",0.2794
30,10,300,2,0,1.5,"clean",NA
30,10,300,2,0,1.5,"random",0
30,10,300,2,0,1.5,"longstring",0.4042
30,10,300,2,0,1.5,"pure_straight",1
30,10,300,2,0,1.5,"acquiescent",1
30,10,300,2,0,1.5,"mixed",0.2794
30,10,300,2,0.5,0.3,"clean",NA
30,10,300,2,0.5,0.3,"random",0
30,10,300,2,0.5,0.3,"longstring",0.4042
30,10,300,2,0.5,0.3,"pure_straight",1
30,10,300,2,0.5,0.3,"acquiescent",1
30,10,300,2,0.5,0.3,"mixed",0.2794
30,10,300,2,0.5,0.5,"clean",NA
30,10,300,2,0.5,0.5,"random",0
30,10,300,2,0.5,0.5,"longstring",0.4042
30,10,300,2,0.5,0.5,"pure_straight",1
30,10,300,2,0.5,0.5,"acquiescent",1
30,10,300,2,0.5,0.5,"mixed",0.2794
30,10,300,2,0.5,0.8,"clean",NA
30,10,300,2,0.5,0.8,"random",0
30,10,300,2,0.5,0.8,"longstring",0.4042
30,10,300,2,0.5,0.8,"pure_straight",1
30,10,300,2,0.5,0.8,"acquiescent",1
30,10,300,2,0.5,0.8,"mixed",0.2794
30,10,300,2,0.5,1,"clean",NA
30,10,300,2,0.5,1,"random",0
30,10,300,2,0.5,1,"longstring",0.4042
30,10,300,2,0.5,1,"pure_straight",1
30,10,300,2,0.5,1,"acquiescent",1
30,10,300,2,0.5,1,"mixed",0.2794
30,10,300,2,0.5,1.5,"clean",NA
30,10,300,2,0.5,1.5,"random",0
30,10,300,2,0.5,1.5,"longstring",0.4042
30,10,300,2,0.5,1.5,"pure_straight",1
30,10,300,2,0.5,1.5,"acquiescent",1
30,10,300,2,0.5,1.5,"mixed",0.2794
30,10,300,2,1,0.3,"clean",NA
30,10,300,2,1,0.3,"random",0
30,10,300,2,1,0.3,"longstring",0.4042
30,10,300,2,1,0.3,"pure_straight",1
30,10,300,2,1,0.3,"acquiescent",1
30,10,300,2,1,0.3,"mixed",0.2794
30,10,300,2,1,0.5,"clean",NA
30,10,300,2,1,0.5,"random",0
30,10,300,2,1,0.5,"longstring",0.4042
30,10,300,2,1,0.5,"pure_straight",1
30,10,300,2,1,0.5,"acquiescent",1
30,10,300,2,1,0.5,"mixed",0.2794
30,10,300,2,1,0.8,"clean",NA
30,10,300,2,1,0.8,"random",0
30,10,300,2,1,0.8,"longstring",0.4042
30,10,300,2,1,0.8,"pure_straight",1
30,10,300,2,1,0.8,"acquiescent",1
30,10,300,2,1,0.8,"mixed",0.2794
30,10,300,2,1,1,"clean",NA
30,10,300,2,1,1,"random",0
30,10,300,2,1,1,"longstring",0.4042
30,10,300,2,1,1,"pure_straight",1
30,10,300,2,1,1,"acquiescent",1
30,10,300,2,1,1,"mixed",0.2794
30,10,300,2,1,1.5,"clean",NA
30,10,300,2,1,1.5,"random",0
30,10,300,2,1,1.5,"longstring",0.4042
30,10,300,2,1,1.5,"pure_straight",1
30,10,300,2,1,1.5,"acquiescent",1
30,10,300,2,1,1.5,"mixed",0.2794
30,10,300,2,1.5,0.3,"clean",NA
30,10,300,2,1.5,0.3,"random",0
30,10,300,2,1.5,0.3,"longstring",0.4042
30,10,300,2,1.5,0.3,"pure_straight",1
30,10,300,2,1.5,0.3,"acquiescent",1
30,10,300,2,1.5,0.3,"mixed",0.2794
30,10,300,2,1.5,0.5,"clean",NA
30,10,300,2,1.5,0.5,"random",0
30,10,300,2,1.5,0.5,"longstring",0.4042
30,10,300,2,1.5,0.5,"pure_straight",1
30,10,300,2,1.5,0.5,"acquiescent",1
30,10,300,2,1.5,0.5,"mixed",0.2794
30,10,300,2,1.5,0.8,"clean",NA
30,10,300,2,1.5,0.8,"random",0
30,10,300,2,1.5,0.8,"longstring",0.4042
30,10,300,2,1.5,0.8,"pure_straight",1
30,10,300,2,1.5,0.8,"acquiescent",1
30,10,300,2,1.5,0.8,"mixed",0.2794
30,10,300,2,1.5,1,"clean",NA
30,10,300,2,1.5,1,"random",0
30,10,300,2,1.5,1,"longstring",0.4042
30,10,300,2,1.5,1,"pure_straight",1
30,10,300,2,1.5,1,"acquiescent",1
30,10,300,2,1.5,1,"mixed",0.2794
30,10,300,2,1.5,1.5,"clean",NA
30,10,300,2,1.5,1.5,"random",0
30,10,300,2,1.5,1.5,"longstring",0.4042
30,10,300,2,1.5,1.5,"pure_straight",1
30,10,300,2,1.5,1.5,"acquiescent",1
30,10,300,2,1.5,1.5,"mixed",0.2794
30,10,300,2,2,0.3,"clean",NA
30,10,300,2,2,0.3,"random",0
30,10,300,2,2,0.3,"longstring",0.4042
30,10,300,2,2,0.3,"pure_straight",1
30,10,300,2,2,0.3,"acquiescent",1
30,10,300,2,2,0.3,"mixed",0.2794
30,10,300,2,2,0.5,"clean",NA
30,10,300,2,2,0.5,"random",0
30,10,300,2,2,0.5,"longstring",0.4042
30,10,300,2,2,0.5,"pure_straight",1
30,10,300,2,2,0.5,"acquiescent",1
30,10,300,2,2,0.5,"mixed",0.2794
30,10,300,2,2,0.8,"clean",NA
30,10,300,2,2,0.8,"random",0
30,10,300,2,2,0.8,"longstring",0.4042
30,10,300,2,2,0.8,"pure_straight",1
30,10,300,2,2,0.8,"acquiescent",1
30,10,300,2,2,0.8,"mixed",0.2794
30,10,300,2,2,1,"clean",NA
30,10,300,2,2,1,"random",0
30,10,300,2,2,1,"longstring",0.4042
30,10,300,2,2,1,"pure_straight",1
30,10,300,2,2,1,"acquiescent",1
30,10,300,2,2,1,"mixed",0.2794
30,10,300,2,2,1.5,"clean",NA
30,10,300,2,2,1.5,"random",0
30,10,300,2,2,1.5,"longstring",0.4042
30,10,300,2,2,1.5,"pure_straight",1
30,10,300,2,2,1.5,"acquiescent",1
30,10,300,2,2,1.5,"mixed",0.2794
30,10,300,2,2.5,0.3,"clean",NA
30,10,300,2,2.5,0.3,"random",0
30,10,300,2,2.5,0.3,"longstring",0.4042
30,10,300,2,2.5,0.3,"pure_straight",1
30,10,300,2,2.5,0.3,"acquiescent",1
30,10,300,2,2.5,0.3,"mixed",0.2794
30,10,300,2,2.5,0.5,"clean",NA
30,10,300,2,2.5,0.5,"random",0
30,10,300,2,2.5,0.5,"longstring",0.4042
30,10,300,2,2.5,0.5,"pure_straight",1
30,10,300,2,2.5,0.5,"acquiescent",1
30,10,300,2,2.5,0.5,"mixed",0.2794
30,10,300,2,2.5,0.8,"clean",NA
30,10,300,2,2.5,0.8,"random",0
30,10,300,2,2.5,0.8,"longstring",0.4042
30,10,300,2,2.5,0.8,"pure_straight",1
30,10,300,2,2.5,0.8,"acquiescent",1
30,10,300,2,2.5,0.8,"mixed",0.2794
30,10,300,2,2.5,1,"clean",NA
30,10,300,2,2.5,1,"random",0
30,10,300,2,2.5,1,"longstring",0.4042
30,10,300,2,2.5,1,"pure_straight",1
30,10,300,2,2.5,1,"acquiescent",1
30,10,300,2,2.5,1,"mixed",0.2794
30,10,300,2,2.5,1.5,"clean",NA
30,10,300,2,2.5,1.5,"random",0
30,10,300,2,2.5,1.5,"longstring",0.4042
30,10,300,2,2.5,1.5,"pure_straight",1
30,10,300,2,2.5,1.5,"acquiescent",1
30,10,300,2,2.5,1.5,"mixed",0.2794
30,10,300,2,3,0.3,"clean",NA
30,10,300,2,3,0.3,"random",0
30,10,300,2,3,0.3,"longstring",0.4042
30,10,300,2,3,0.3,"pure_straight",1
30,10,300,2,3,0.3,"acquiescent",1
30,10,300,2,3,0.3,"mixed",0.2794
30,10,300,2,3,0.5,"clean",NA
30,10,300,2,3,0.5,"random",0
30,10,300,2,3,0.5,"longstring",0.4042
30,10,300,2,3,0.5,"pure_straight",1
30,10,300,2,3,0.5,"acquiescent",1
30,10,300,2,3,0.5,"mixed",0.2794
30,10,300,2,3,0.8,"clean",NA
30,10,300,2,3,0.8,"random",0
30,10,300,2,3,0.8,"longstring",0.4042
30,10,300,2,3,0.8,"pure_straight",1
30,10,300,2,3,0.8,"acquiescent",1
30,10,300,2,3,0.8,"mixed",0.2794
30,10,300,2,3,1,"clean",NA
30,10,300,2,3,1,"random",0
30,10,300,2,3,1,"longstring",0.4042
30,10,300,2,3,1,"pure_straight",1
30,10,300,2,3,1,"acquiescent",1
30,10,300,2,3,1,"mixed",0.2794
30,10,300,2,3,1.5,"clean",NA
30,10,300,2,3,1.5,"random",0.4042
30,10,300,2,3,1.5,"longstring",0.4042
30,10,300,2,3,1.5,"pure_straight",1
30,10,300,2,3,1.5,"acquiescent",1
30,10,300,2,3,1.5,"mixed",0.2794
30,10,300,3,0,0.3,"clean",NA
30,10,300,3,0,0.3,"random",0.5727
30,10,300,3,0,0.3,"longstring",0.6049
30,10,300,3,0,0.3,"pure_straight",1
30,10,300,3,0,0.3,"acquiescent",0.8607
30,10,300,3,0,0.3,"mixed",0.5727
30,10,300,3,0,0.5,"clean",NA
30,10,300,3,0,0.5,"random",0.5727
30,10,300,3,0,0.5,"longstring",0.6049
30,10,300,3,0,0.5,"pure_straight",1
30,10,300,3,0,0.5,"acquiescent",0.8607
30,10,300,3,0,0.5,"mixed",0.5727
30,10,300,3,0,0.8,"clean",NA
30,10,300,3,0,0.8,"random",0.5727
30,10,300,3,0,0.8,"longstring",0.6049
30,10,300,3,0,0.8,"pure_straight",1
30,10,300,3,0,0.8,"acquiescent",0.8607
30,10,300,3,0,0.8,"mixed",0.5727
30,10,300,3,0,1,"clean",NA
30,10,300,3,0,1,"random",0.5727
30,10,300,3,0,1,"longstring",0.6049
30,10,300,3,0,1,"pure_straight",1
30,10,300,3,0,1,"acquiescent",0.8607
30,10,300,3,0,1,"mixed",0.5727
30,10,300,3,0,1.5,"clean",NA
30,10,300,3,0,1.5,"random",0.5727
30,10,300,3,0,1.5,"longstring",0.6049
30,10,300,3,0,1.5,"pure_straight",1
30,10,300,3,0,1.5,"acquiescent",0.8607
30,10,300,3,0,1.5,"mixed",0.5727
30,10,300,3,0.5,0.3,"clean",NA
30,10,300,3,0.5,0.3,"random",0.5727
30,10,300,3,0.5,0.3,"longstring",0.6049
30,10,300,3,0.5,0.3,"pure_straight",1
30,10,300,3,0.5,0.3,"acquiescent",0.8607
30,10,300,3,0.5,0.3,"mixed",0.5727
30,10,300,3,0.5,0.5,"clean",NA
30,10,300,3,0.5,0.5,"random",0.5727
30,10,300,3,0.5,0.5,"longstring",0.6049
30,10,300,3,0.5,0.5,"pure_straight",1
30,10,300,3,0.5,0.5,"acquiescent",0.8607
30,10,300,3,0.5,0.5,"mixed",0.5727
30,10,300,3,0.5,0.8,"clean",NA
30,10,300,3,0.5,0.8,"random",0.5727
30,10,300,3,0.5,0.8,"longstring",0.6049
30,10,300,3,0.5,0.8,"pure_straight",1
30,10,300,3,0.5,0.8,"acquiescent",0.9091
30,10,300,3,0.5,0.8,"mixed",0.5727
30,10,300,3,0.5,1,"clean",NA
30,10,300,3,0.5,1,"random",0.5727
30,10,300,3,0.5,1,"longstring",0.6049
30,10,300,3,0.5,1,"pure_straight",1
30,10,300,3,0.5,1,"acquiescent",0.9091
30,10,300,3,0.5,1,"mixed",0.5727
30,10,300,3,0.5,1.5,"clean",NA
30,10,300,3,0.5,1.5,"random",0.5727
30,10,300,3,0.5,1.5,"longstring",0.6049
30,10,300,3,0.5,1.5,"pure_straight",1
30,10,300,3,0.5,1.5,"acquiescent",0.9091
30,10,300,3,0.5,1.5,"mixed",0.5727
30,10,300,3,1,0.3,"clean",NA
30,10,300,3,1,0.3,"random",0.5727
30,10,300,3,1,0.3,"longstring",0.6049
30,10,300,3,1,0.3,"pure_straight",1
30,10,300,3,1,0.3,"acquiescent",0.8607
30,10,300,3,1,0.3,"mixed",0.5727
30,10,300,3,1,0.5,"clean",NA
30,10,300,3,1,0.5,"random",0.5727
30,10,300,3,1,0.5,"longstring",0.6049
30,10,300,3,1,0.5,"pure_straight",1
30,10,300,3,1,0.5,"acquiescent",0.9091
30,10,300,3,1,0.5,"mixed",0.5727
30,10,300,3,1,0.8,"clean",NA
30,10,300,3,1,0.8,"random",0.5727
30,10,300,3,1,0.8,"longstring",0.6049
30,10,300,3,1,0.8,"pure_straight",1
30,10,300,3,1,0.8,"acquiescent",0.9091
30,10,300,3,1,0.8,"mixed",0.5727
30,10,300,3,1,1,"clean",NA
30,10,300,3,1,1,"random",0.5727
30,10,300,3,1,1,"longstring",0.6049
30,10,300,3,1,1,"pure_straight",1
30,10,300,3,1,1,"acquiescent",0.9554
30,10,300,3,1,1,"mixed",0.5727
30,10,300,3,1,1.5,"clean",NA
30,10,300,3,1,1.5,"random",0.7028
30,10,300,3,1,1.5,"longstring",0.6049
30,10,300,3,1,1.5,"pure_straight",1
30,10,300,3,1,1.5,"acquiescent",1
30,10,300,3,1,1.5,"mixed",0.5727
30,10,300,3,1.5,0.3,"clean",NA
30,10,300,3,1.5,0.3,"random",0.5727
30,10,300,3,1.5,0.3,"longstring",0.6049
30,10,300,3,1.5,0.3,"pure_straight",1
30,10,300,3,1.5,0.3,"acquiescent",0.8607
30,10,300,3,1.5,0.3,"mixed",0.5727
30,10,300,3,1.5,0.5,"clean",NA
30,10,300,3,1.5,0.5,"random",0.5727
30,10,300,3,1.5,0.5,"longstring",0.6049
30,10,300,3,1.5,0.5,"pure_straight",1
30,10,300,3,1.5,0.5,"acquiescent",0.9091
30,10,300,3,1.5,0.5,"mixed",0.5727
30,10,300,3,1.5,0.8,"clean",NA
30,10,300,3,1.5,0.8,"random",0.5727
30,10,300,3,1.5,0.8,"longstring",0.6049
30,10,300,3,1.5,0.8,"pure_straight",1
30,10,300,3,1.5,0.8,"acquiescent",1
30,10,300,3,1.5,0.8,"mixed",0.5727
30,10,300,3,1.5,1,"clean",NA
30,10,300,3,1.5,1,"random",0.5727
30,10,300,3,1.5,1,"longstring",0.6049
30,10,300,3,1.5,1,"pure_straight",1
30,10,300,3,1.5,1,"acquiescent",1
30,10,300,3,1.5,1,"mixed",0.5727
30,10,300,3,1.5,1.5,"clean",NA
30,10,300,3,1.5,1.5,"random",0.7028
30,10,300,3,1.5,1.5,"longstring",0.6049
30,10,300,3,1.5,1.5,"pure_straight",1
30,10,300,3,1.5,1.5,"acquiescent",1
30,10,300,3,1.5,1.5,"mixed",0.5727
30,10,300,3,2,0.3,"clean",NA
30,10,300,3,2,0.3,"random",0.5727
30,10,300,3,2,0.3,"longstring",0.6049
30,10,300,3,2,0.3,"pure_straight",1
30,10,300,3,2,0.3,"acquiescent",0.8607
30,10,300,3,2,0.3,"mixed",0.5727
30,10,300,3,2,0.5,"clean",NA
30,10,300,3,2,0.5,"random",0.5727
30,10,300,3,2,0.5,"longstring",0.6049
30,10,300,3,2,0.5,"pure_straight",1
30,10,300,3,2,0.5,"acquiescent",0.9091
30,10,300,3,2,0.5,"mixed",0.5727
30,10,300,3,2,0.8,"clean",NA
30,10,300,3,2,0.8,"random",0.5727
30,10,300,3,2,0.8,"longstring",0.6049
30,10,300,3,2,0.8,"pure_straight",1
30,10,300,3,2,0.8,"acquiescent",1
30,10,300,3,2,0.8,"mixed",0.5727
30,10,300,3,2,1,"clean",NA
30,10,300,3,2,1,"random",0.7028
30,10,300,3,2,1,"longstring",0.6049
30,10,300,3,2,1,"pure_straight",1
30,10,300,3,2,1,"acquiescent",1
30,10,300,3,2,1,"mixed",0.5727
30,10,300,3,2,1.5,"clean",NA
30,10,300,3,2,1.5,"random",0.7028
30,10,300,3,2,1.5,"longstring",0.6049
30,10,300,3,2,1.5,"pure_straight",1
30,10,300,3,2,1.5,"acquiescent",1
30,10,300,3,2,1.5,"mixed",0.5727
30,10,300,3,2.5,0.3,"clean",NA
30,10,300,3,2.5,0.3,"random",0.5727
30,10,300,3,2.5,0.3,"longstring",0.6049
30,10,300,3,2.5,0.3,"pure_straight",1
30,10,300,3,2.5,0.3,"acquiescent",0.9091
30,10,300,3,2.5,0.3,"mixed",0.5727
30,10,300,3,2.5,0.5,"clean",NA
30,10,300,3,2.5,0.5,"random",0.5727
30,10,300,3,2.5,0.5,"longstring",0.6049
30,10,300,3,2.5,0.5,"pure_straight",1
30,10,300,3,2.5,0.5,"acquiescent",1
30,10,300,3,2.5,0.5,"mixed",0.5727
30,10,300,3,2.5,0.8,"clean",NA
30,10,300,3,2.5,0.8,"random",0.5727
30,10,300,3,2.5,0.8,"longstring",0.6049
30,10,300,3,2.5,0.8,"pure_straight",1
30,10,300,3,2.5,0.8,"acquiescent",1
30,10,300,3,2.5,0.8,"mixed",0.5727
30,10,300,3,2.5,1,"clean",NA
30,10,300,3,2.5,1,"random",0.7028
30,10,300,3,2.5,1,"longstring",0.6049
30,10,300,3,2.5,1,"pure_straight",1
30,10,300,3,2.5,1,"acquiescent",1
30,10,300,3,2.5,1,"mixed",0.5727
30,10,300,3,2.5,1.5,"clean",NA
30,10,300,3,2.5,1.5,"random",0.8132
30,10,300,3,2.5,1.5,"longstring",0.6049
30,10,300,3,2.5,1.5,"pure_straight",1
30,10,300,3,2.5,1.5,"acquiescent",1
30,10,300,3,2.5,1.5,"mixed",0.4628
30,10,300,3,3,0.3,"clean",NA
30,10,300,3,3,0.3,"random",0.5727
30,10,300,3,3,0.3,"longstring",0.6049
30,10,300,3,3,0.3,"pure_straight",1
30,10,300,3,3,0.3,"acquiescent",0.9091
30,10,300,3,3,0.3,"mixed",0.5727
30,10,300,3,3,0.5,"clean",NA
30,10,300,3,3,0.5,"random",0.5727
30,10,300,3,3,0.5,"longstring",0.6049
30,10,300,3,3,0.5,"pure_straight",1
30,10,300,3,3,0.5,"acquiescent",1
30,10,300,3,3,0.5,"mixed",0.5727
30,10,300,3,3,0.8,"clean",NA
30,10,300,3,3,0.8,"random",0.7028
30,10,300,3,3,0.8,"longstring",0.6049
30,10,300,3,3,0.8,"pure_straight",1
30,10,300,3,3,0.8,"acquiescent",1
30,10,300,3,3,0.8,"mixed",0.5727
30,10,300,3,3,1,"clean",NA
30,10,300,3,3,1,"random",0.7028
30,10,300,3,3,1,"longstring",0.6049
30,10,300,3,3,1,"pure_straight",1
30,10,300,3,3,1,"acquiescent",1
30,10,300,3,3,1,"mixed",0.5727
30,10,300,3,3,1.5,"clean",NA
30,10,300,3,3,1.5,"random",0.8132
30,10,300,3,3,1.5,"longstring",0.6049
30,10,300,3,3,1.5,"pure_straight",1
30,10,300,3,3,1.5,"acquiescent",1
30,10,300,3,3,1.5,"mixed",0.4628
30,10,300,4,0,0.3,"clean",NA
30,10,300,4,0,0.3,"random",0
30,10,300,4,0,0.3,"longstring",0.7028
30,10,300,4,0,0.3,"pure_straight",1
30,10,300,4,0,0.3,"acquiescent",0.9091
30,10,300,4,0,0.3,"mixed",0
30,10,300,4,0,0.5,"clean",NA
30,10,300,4,0,0.5,"random",0
30,10,300,4,0,0.5,"longstring",0.7028
30,10,300,4,0,0.5,"pure_straight",1
30,10,300,4,0,0.5,"acquiescent",0.9091
30,10,300,4,0,0.5,"mixed",0
30,10,300,4,0,0.8,"clean",NA
30,10,300,4,0,0.8,"random",0
30,10,300,4,0,0.8,"longstring",0.7028
30,10,300,4,0,0.8,"pure_straight",1
30,10,300,4,0,0.8,"acquiescent",0.9091
30,10,300,4,0,0.8,"mixed",0
30,10,300,4,0,1,"clean",NA
30,10,300,4,0,1,"random",0
30,10,300,4,0,1,"longstring",0.7028
30,10,300,4,0,1,"pure_straight",1
30,10,300,4,0,1,"acquiescent",0.9091
30,10,300,4,0,1,"mixed",0
30,10,300,4,0,1.5,"clean",NA
30,10,300,4,0,1.5,"random",0
30,10,300,4,0,1.5,"longstring",0.7028
30,10,300,4,0,1.5,"pure_straight",1
30,10,300,4,0,1.5,"acquiescent",0.9091
30,10,300,4,0,1.5,"mixed",0
30,10,300,4,0.5,0.3,"clean",NA
30,10,300,4,0.5,0.3,"random",0
30,10,300,4,0.5,0.3,"longstring",0.7028
30,10,300,4,0.5,0.3,"pure_straight",1
30,10,300,4,0.5,0.3,"acquiescent",0.9091
30,10,300,4,0.5,0.3,"mixed",0
30,10,300,4,0.5,0.5,"clean",NA
30,10,300,4,0.5,0.5,"random",0
30,10,300,4,0.5,0.5,"longstring",0.7028
30,10,300,4,0.5,0.5,"pure_straight",1
30,10,300,4,0.5,0.5,"acquiescent",0.9091
30,10,300,4,0.5,0.5,"mixed",0
30,10,300,4,0.5,0.8,"clean",NA
30,10,300,4,0.5,0.8,"random",0
30,10,300,4,0.5,0.8,"longstring",0.7028
30,10,300,4,0.5,0.8,"pure_straight",1
30,10,300,4,0.5,0.8,"acquiescent",0.9091
30,10,300,4,0.5,0.8,"mixed",0
30,10,300,4,0.5,1,"clean",NA
30,10,300,4,0.5,1,"random",0
30,10,300,4,0.5,1,"longstring",0.7028
30,10,300,4,0.5,1,"pure_straight",1
30,10,300,4,0.5,1,"acquiescent",0.9091
30,10,300,4,0.5,1,"mixed",0
30,10,300,4,0.5,1.5,"clean",NA
30,10,300,4,0.5,1.5,"random",0
30,10,300,4,0.5,1.5,"longstring",0.7028
30,10,300,4,0.5,1.5,"pure_straight",1
30,10,300,4,0.5,1.5,"acquiescent",0.9091
30,10,300,4,0.5,1.5,"mixed",0
30,10,300,4,1,0.3,"clean",NA
30,10,300,4,1,0.3,"random",0
30,10,300,4,1,0.3,"longstring",0.7028
30,10,300,4,1,0.3,"pure_straight",1
30,10,300,4,1,0.3,"acquiescent",0.9091
30,10,300,4,1,0.3,"mixed",0
30,10,300,4,1,0.5,"clean",NA
30,10,300,4,1,0.5,"random",0
30,10,300,4,1,0.5,"longstring",0.7028
30,10,300,4,1,0.5,"pure_straight",1
30,10,300,4,1,0.5,"acquiescent",0.9091
30,10,300,4,1,0.5,"mixed",0
30,10,300,4,1,0.8,"clean",NA
30,10,300,4,1,0.8,"random",0
30,10,300,4,1,0.8,"longstring",0.7028
30,10,300,4,1,0.8,"pure_straight",1
30,10,300,4,1,0.8,"acquiescent",0.9091
30,10,300,4,1,0.8,"mixed",0
30,10,300,4,1,1,"clean",NA
30,10,300,4,1,1,"random",0
30,10,300,4,1,1,"longstring",0.7028
30,10,300,4,1,1,"pure_straight",1
30,10,300,4,1,1,"acquiescent",0.9091
30,10,300,4,1,1,"mixed",0
30,10,300,4,1,1.5,"clean",NA
30,10,300,4,1,1.5,"random",0
30,10,300,4,1,1.5,"longstring",0.7028
30,10,300,4,1,1.5,"pure_straight",1
30,10,300,4,1,1.5,"acquiescent",0.9554
30,10,300,4,1,1.5,"mixed",0
30,10,300,4,1.5,0.3,"clean",NA
30,10,300,4,1.5,0.3,"random",0
30,10,300,4,1.5,0.3,"longstring",0.7028
30,10,300,4,1.5,0.3,"pure_straight",1
30,10,300,4,1.5,0.3,"acquiescent",0.9091
30,10,300,4,1.5,0.3,"mixed",0
30,10,300,4,1.5,0.5,"clean",NA
30,10,300,4,1.5,0.5,"random",0
30,10,300,4,1.5,0.5,"longstring",0.7028
30,10,300,4,1.5,0.5,"pure_straight",1
30,10,300,4,1.5,0.5,"acquiescent",0.9091
30,10,300,4,1.5,0.5,"mixed",0
30,10,300,4,1.5,0.8,"clean",NA
30,10,300,4,1.5,0.8,"random",0
30,10,300,4,1.5,0.8,"longstring",0.7028
30,10,300,4,1.5,0.8,"pure_straight",1
30,10,300,4,1.5,0.8,"acquiescent",0.9554
30,10,300,4,1.5,0.8,"mixed",0
30,10,300,4,1.5,1,"clean",NA
30,10,300,4,1.5,1,"random",0
30,10,300,4,1.5,1,"longstring",0.7028
30,10,300,4,1.5,1,"pure_straight",1
30,10,300,4,1.5,1,"acquiescent",0.9554
30,10,300,4,1.5,1,"mixed",0
30,10,300,4,1.5,1.5,"clean",NA
30,10,300,4,1.5,1.5,"random",0
30,10,300,4,1.5,1.5,"longstring",0.7028
30,10,300,4,1.5,1.5,"pure_straight",1
30,10,300,4,1.5,1.5,"acquiescent",1
30,10,300,4,1.5,1.5,"mixed",0
30,10,300,4,2,0.3,"clean",NA
30,10,300,4,2,0.3,"random",0
30,10,300,4,2,0.3,"longstring",0.7028
30,10,300,4,2,0.3,"pure_straight",1
30,10,300,4,2,0.3,"acquiescent",0.9091
30,10,300,4,2,0.3,"mixed",0
30,10,300,4,2,0.5,"clean",NA
30,10,300,4,2,0.5,"random",0
30,10,300,4,2,0.5,"longstring",0.7028
30,10,300,4,2,0.5,"pure_straight",1
30,10,300,4,2,0.5,"acquiescent",0.9091
30,10,300,4,2,0.5,"mixed",0
30,10,300,4,2,0.8,"clean",NA
30,10,300,4,2,0.8,"random",0
30,10,300,4,2,0.8,"longstring",0.7028
30,10,300,4,2,0.8,"pure_straight",1
30,10,300,4,2,0.8,"acquiescent",1
30,10,300,4,2,0.8,"mixed",0
30,10,300,4,2,1,"clean",NA
30,10,300,4,2,1,"random",0
30,10,300,4,2,1,"longstring",0.7028
30,10,300,4,2,1,"pure_straight",1
30,10,300,4,2,1,"acquiescent",1
30,10,300,4,2,1,"mixed",0
30,10,300,4,2,1.5,"clean",NA
30,10,300,4,2,1.5,"random",0.4042
30,10,300,4,2,1.5,"longstring",0.7028
30,10,300,4,2,1.5,"pure_straight",1
30,10,300,4,2,1.5,"acquiescent",1
30,10,300,4,2,1.5,"mixed",0
30,10,300,4,2.5,0.3,"clean",NA
30,10,300,4,2.5,0.3,"random",0
30,10,300,4,2.5,0.3,"longstring",0.7028
30,10,300,4,2.5,0.3,"pure_straight",1
30,10,300,4,2.5,0.3,"acquiescent",0.9091
30,10,300,4,2.5,0.3,"mixed",0
30,10,300,4,2.5,0.5,"clean",NA
30,10,300,4,2.5,0.5,"random",0
30,10,300,4,2.5,0.5,"longstring",0.7028
30,10,300,4,2.5,0.5,"pure_straight",1
30,10,300,4,2.5,0.5,"acquiescent",0.9554
30,10,300,4,2.5,0.5,"mixed",0
30,10,300,4,2.5,0.8,"clean",NA
30,10,300,4,2.5,0.8,"random",0
30,10,300,4,2.5,0.8,"longstring",0.7028
30,10,300,4,2.5,0.8,"pure_straight",1
30,10,300,4,2.5,0.8,"acquiescent",1
30,10,300,4,2.5,0.8,"mixed",0
30,10,300,4,2.5,1,"clean",NA
30,10,300,4,2.5,1,"random",0
30,10,300,4,2.5,1,"longstring",0.7028
30,10,300,4,2.5,1,"pure_straight",1
30,10,300,4,2.5,1,"acquiescent",1
30,10,300,4,2.5,1,"mixed",0
30,10,300,4,2.5,1.5,"clean",NA
30,10,300,4,2.5,1.5,"random",0.4042
30,10,300,4,2.5,1.5,"longstring",0.7028
30,10,300,4,2.5,1.5,"pure_straight",1
30,10,300,4,2.5,1.5,"acquiescent",1
30,10,300,4,2.5,1.5,"mixed",0
30,10,300,4,3,0.3,"clean",NA
30,10,300,4,3,0.3,"random",0
30,10,300,4,3,0.3,"longstring",0.7028
30,10,300,4,3,0.3,"pure_straight",1
30,10,300,4,3,0.3,"acquiescent",0.9091
30,10,300,4,3,0.3,"mixed",0
30,10,300,4,3,0.5,"clean",NA
30,10,300,4,3,0.5,"random",0
30,10,300,4,3,0.5,"longstring",0.7028
30,10,300,4,3,0.5,"pure_straight",1
30,10,300,4,3,0.5,"acquiescent",0.9554
30,10,300,4,3,0.5,"mixed",0
30,10,300,4,3,0.8,"clean",NA
30,10,300,4,3,0.8,"random",0
30,10,300,4,3,0.8,"longstring",0.7028
30,10,300,4,3,0.8,"pure_straight",1
30,10,300,4,3,0.8,"acquiescent",1
30,10,300,4,3,0.8,"mixed",0
30,10,300,4,3,1,"clean",NA
30,10,300,4,3,1,"random",0
30,10,300,4,3,1,"longstring",0.7028
30,10,300,4,3,1,"pure_straight",1
30,10,300,4,3,1,"acquiescent",1
30,10,300,4,3,1,"mixed",0
30,10,300,4,3,1.5,"clean",NA
30,10,300,4,3,1.5,"random",0.4042
30,10,300,4,3,1.5,"longstring",0.7028
30,10,300,4,3,1.5,"pure_straight",1
30,10,300,4,3,1.5,"acquiescent",1
30,10,300,4,3,1.5,"mixed",0
30,10,300,5,0,0.3,"clean",NA
30,10,300,5,0,0.3,"random",0.4042
30,10,300,5,0,0.3,"longstring",-0.0099
30,10,300,5,0,0.3,"pure_straight",1
30,10,300,5,0,0.3,"acquiescent",0.9554
30,10,300,5,0,0.3,"mixed",0
30,10,300,5,0,0.5,"clean",NA
30,10,300,5,0,0.5,"random",0.4042
30,10,300,5,0,0.5,"longstring",-0.0099
30,10,300,5,0,0.5,"pure_straight",1
30,10,300,5,0,0.5,"acquiescent",0.9554
30,10,300,5,0,0.5,"mixed",0
30,10,300,5,0,0.8,"clean",NA
30,10,300,5,0,0.8,"random",0.4042
30,10,300,5,0,0.8,"longstring",-0.0099
30,10,300,5,0,0.8,"pure_straight",1
30,10,300,5,0,0.8,"acquiescent",0.9554
30,10,300,5,0,0.8,"mixed",0
30,10,300,5,0,1,"clean",NA
30,10,300,5,0,1,"random",0.4042
30,10,300,5,0,1,"longstring",-0.0099
30,10,300,5,0,1,"pure_straight",1
30,10,300,5,0,1,"acquiescent",0.9554
30,10,300,5,0,1,"mixed",0
30,10,300,5,0,1.5,"clean",NA
30,10,300,5,0,1.5,"random",0.4042
30,10,300,5,0,1.5,"longstring",-0.0099
30,10,300,5,0,1.5,"pure_straight",1
30,10,300,5,0,1.5,"acquiescent",0.9554
30,10,300,5,0,1.5,"mixed",0
30,10,300,5,0.5,0.3,"clean",NA
30,10,300,5,0.5,0.3,"random",0.4042
30,10,300,5,0.5,0.3,"longstring",-0.0099
30,10,300,5,0.5,0.3,"pure_straight",1
30,10,300,5,0.5,0.3,"acquiescent",0.9554
30,10,300,5,0.5,0.3,"mixed",0
30,10,300,5,0.5,0.5,"clean",NA
30,10,300,5,0.5,0.5,"random",0.4042
30,10,300,5,0.5,0.5,"longstring",-0.0099
30,10,300,5,0.5,0.5,"pure_straight",1
30,10,300,5,0.5,0.5,"acquiescent",1
30,10,300,5,0.5,0.5,"mixed",0
30,10,300,5,0.5,0.8,"clean",NA
30,10,300,5,0.5,0.8,"random",0.4042
30,10,300,5,0.5,0.8,"longstring",-0.0099
30,10,300,5,0.5,0.8,"pure_straight",1
30,10,300,5,0.5,0.8,"acquiescent",1
30,10,300,5,0.5,0.8,"mixed",0
30,10,300,5,0.5,1,"clean",NA
30,10,300,5,0.5,1,"random",0.4042
30,10,300,5,0.5,1,"longstring",-0.0099
30,10,300,5,0.5,1,"pure_straight",1
30,10,300,5,0.5,1,"acquiescent",1
30,10,300,5,0.5,1,"mixed",0
30,10,300,5,0.5,1.5,"clean",NA
30,10,300,5,0.5,1.5,"random",0.4042
30,10,300,5,0.5,1.5,"longstring",-0.0099
30,10,300,5,0.5,1.5,"pure_straight",1
30,10,300,5,0.5,1.5,"acquiescent",1
30,10,300,5,0.5,1.5,"mixed",0
30,10,300,5,1,0.3,"clean",NA
30,10,300,5,1,0.3,"random",0.4042
30,10,300,5,1,0.3,"longstring",-0.0099
30,10,300,5,1,0.3,"pure_straight",1
30,10,300,5,1,0.3,"acquiescent",0.9554
30,10,300,5,1,0.3,"mixed",0
30,10,300,5,1,0.5,"clean",NA
30,10,300,5,1,0.5,"random",0.4042
30,10,300,5,1,0.5,"longstring",-0.0099
30,10,300,5,1,0.5,"pure_straight",1
30,10,300,5,1,0.5,"acquiescent",1
30,10,300,5,1,0.5,"mixed",0
30,10,300,5,1,0.8,"clean",NA
30,10,300,5,1,0.8,"random",0.4042
30,10,300,5,1,0.8,"longstring",-0.0099
30,10,300,5,1,0.8,"pure_straight",1
30,10,300,5,1,0.8,"acquiescent",1
30,10,300,5,1,0.8,"mixed",0
30,10,300,5,1,1,"clean",NA
30,10,300,5,1,1,"random",0.4042
30,10,300,5,1,1,"longstring",-0.0099
30,10,300,5,1,1,"pure_straight",1
30,10,300,5,1,1,"acquiescent",1
30,10,300,5,1,1,"mixed",0
30,10,300,5,1,1.5,"clean",NA
30,10,300,5,1,1.5,"random",0.4042
30,10,300,5,1,1.5,"longstring",-0.0099
30,10,300,5,1,1.5,"pure_straight",1
30,10,300,5,1,1.5,"acquiescent",1
30,10,300,5,1,1.5,"mixed",0.4042
30,10,300,5,1.5,0.3,"clean",NA
30,10,300,5,1.5,0.3,"random",0.4042
30,10,300,5,1.5,0.3,"longstring",-0.0099
30,10,300,5,1.5,0.3,"pure_straight",1
30,10,300,5,1.5,0.3,"acquiescent",1
30,10,300,5,1.5,0.3,"mixed",0
30,10,300,5,1.5,0.5,"clean",NA
30,10,300,5,1.5,0.5,"random",0.4042
30,10,300,5,1.5,0.5,"longstring",-0.0099
30,10,300,5,1.5,0.5,"pure_straight",1
30,10,300,5,1.5,0.5,"acquiescent",1
30,10,300,5,1.5,0.5,"mixed",0
30,10,300,5,1.5,0.8,"clean",NA
30,10,300,5,1.5,0.8,"random",0.4042
30,10,300,5,1.5,0.8,"longstring",-0.0099
30,10,300,5,1.5,0.8,"pure_straight",1
30,10,300,5,1.5,0.8,"acquiescent",1
30,10,300,5,1.5,0.8,"mixed",0
30,10,300,5,1.5,1,"clean",NA
30,10,300,5,1.5,1,"random",0.4042
30,10,300,5,1.5,1,"longstring",-0.0099
30,10,300,5,1.5,1,"pure_straight",1
30,10,300,5,1.5,1,"acquiescent",1
30,10,300,5,1.5,1,"mixed",0
30,10,300,5,1.5,1.5,"clean",NA
30,10,300,5,1.5,1.5,"random",0.4042
30,10,300,5,1.5,1.5,"longstring",-0.0099
30,10,300,5,1.5,1.5,"pure_straight",1
30,10,300,5,1.5,1.5,"acquiescent",1
30,10,300,5,1.5,1.5,"mixed",0.4042
30,10,300,5,2,0.3,"clean",NA
30,10,300,5,2,0.3,"random",0.4042
30,10,300,5,2,0.3,"longstring",-0.0099
30,10,300,5,2,0.3,"pure_straight",1
30,10,300,5,2,0.3,"acquiescent",1
30,10,300,5,2,0.3,"mixed",0
30,10,300,5,2,0.5,"clean",NA
30,10,300,5,2,0.5,"random",0.4042
30,10,300,5,2,0.5,"longstring",-0.0099
30,10,300,5,2,0.5,"pure_straight",1
30,10,300,5,2,0.5,"acquiescent",1
30,10,300,5,2,0.5,"mixed",0
30,10,300,5,2,0.8,"clean",NA
30,10,300,5,2,0.8,"random",0.4042
30,10,300,5,2,0.8,"longstring",-0.0099
30,10,300,5,2,0.8,"pure_straight",1
30,10,300,5,2,0.8,"acquiescent",1
30,10,300,5,2,0.8,"mixed",0
30,10,300,5,2,1,"clean",NA
30,10,300,5,2,1,"random",0.4042
30,10,300,5,2,1,"longstring",-0.0099
30,10,300,5,2,1,"pure_straight",1
30,10,300,5,2,1,"acquiescent",1
30,10,300,5,2,1,"mixed",0.4042
30,10,300,5,2,1.5,"clean",NA
30,10,300,5,2,1.5,"random",0.4042
30,10,300,5,2,1.5,"longstring",-0.0099
30,10,300,5,2,1.5,"pure_straight",1
30,10,300,5,2,1.5,"acquiescent",1
30,10,300,5,2,1.5,"mixed",0.4042
30,10,300,5,2.5,0.3,"clean",NA
30,10,300,5,2.5,0.3,"random",0.4042
30,10,300,5,2.5,0.3,"longstring",-0.0099
30,10,300,5,2.5,0.3,"pure_straight",1
30,10,300,5,2.5,0.3,"acquiescent",1
30,10,300,5,2.5,0.3,"mixed",0
30,10,300,5,2.5,0.5,"clean",NA
30,10,300,5,2.5,0.5,"random",0.4042
30,10,300,5,2.5,0.5,"longstring",-0.0099
30,10,300,5,2.5,0.5,"pure_straight",1
30,10,300,5,2.5,0.5,"acquiescent",1
30,10,300,5,2.5,0.5,"mixed",0
30,10,300,5,2.5,0.8,"clean",NA
30,10,300,5,2.5,0.8,"random",0.4042
30,10,300,5,2.5,0.8,"longstring",-0.0099
30,10,300,5,2.5,0.8,"pure_straight",1
30,10,300,5,2.5,0.8,"acquiescent",1
30,10,300,5,2.5,0.8,"mixed",0
30,10,300,5,2.5,1,"clean",NA
30,10,300,5,2.5,1,"random",0.4042
30,10,300,5,2.5,1,"longstring",-0.0099
30,10,300,5,2.5,1,"pure_straight",1
30,10,300,5,2.5,1,"acquiescent",1
30,10,300,5,2.5,1,"mixed",0.4042
30,10,300,5,2.5,1.5,"clean",NA
30,10,300,5,2.5,1.5,"random",0.4042
30,10,300,5,2.5,1.5,"longstring",-0.0099
30,10,300,5,2.5,1.5,"pure_straight",1
30,10,300,5,2.5,1.5,"acquiescent",1
30,10,300,5,2.5,1.5,"mixed",0.4042
30,10,300,5,3,0.3,"clean",NA
30,10,300,5,3,0.3,"random",0.4042
30,10,300,5,3,0.3,"longstring",-0.0099
30,10,300,5,3,0.3,"pure_straight",1
30,10,300,5,3,0.3,"acquiescent",1
30,10,300,5,3,0.3,"mixed",0
30,10,300,5,3,0.5,"clean",NA
30,10,300,5,3,0.5,"random",0.4042
30,10,300,5,3,0.5,"longstring",-0.0099
30,10,300,5,3,0.5,"pure_straight",1
30,10,300,5,3,0.5,"acquiescent",1
30,10,300,5,3,0.5,"mixed",0
30,10,300,5,3,0.8,"clean",NA
30,10,300,5,3,0.8,"random",0.4042
30,10,300,5,3,0.8,"longstring",-0.0099
30,10,300,5,3,0.8,"pure_straight",1
30,10,300,5,3,0.8,"acquiescent",1
30,10,300,5,3,0.8,"mixed",0.4042
30,10,300,5,3,1,"clean",NA
30,10,300,5,3,1,"random",0.4042
30,10,300,5,3,1,"longstring",-0.0099
30,10,300,5,3,1,"pure_straight",1
30,10,300,5,3,1,"acquiescent",1
30,10,300,5,3,1,"mixed",0.4042
30,10,300,5,3,1.5,"clean",NA
30,10,300,5,3,1.5,"random",0.4042
30,10,300,5,3,1.5,"longstring",-0.0099
30,10,300,5,3,1.5,"pure_straight",1
30,10,300,5,3,1.5,"acquiescent",1
30,10,300,5,3,1.5,"mixed",0.7028
