============================================================
PER-FACTOR COHERENCE vs GLOBAL EFA-D
Date: 2026-03-31 | Conditions: 216 | Runtime: 66.6 min
============================================================

--- OVERALL MEANS ---

                method  mean    sd
1         Global EFA-D 0.358 0.179
2  Per-factor: mean(z) 0.344 0.179
3 Per-factor: combined 0.342 0.171
4 Per-factor: prop_low 0.267 0.146
5   Per-factor: min(z) 0.132 0.056


--- BY ITEM BIN ---

  item_bin Global EFA-D Per-factor: combined Per-factor: mean(z)
1      <30        0.172                0.164               0.161
2    30-60        0.275                0.265               0.261
3   60-100        0.355                0.337               0.338
4  100-200        0.542                0.508               0.521
5     >200        0.663                0.656               0.658
  Per-factor: min(z) Per-factor: prop_low
1              0.101                0.121
2              0.116                0.207
3              0.140                0.263
4              0.160                0.405
5              0.170                0.513


--- BY nF ---

  nF Global EFA-D Per-factor: combined Per-factor: mean(z) Per-factor: min(z)
1  4        0.192                0.181               0.193              0.089
2  6        0.246                0.239               0.240              0.094
3  8        0.275                0.275               0.273              0.105
4 10        0.330                0.298               0.291              0.122
5 15        0.372                0.359               0.360              0.143
6 20        0.474                0.444               0.446              0.165
7 25        0.481                0.458               0.459              0.162
8 30        0.495                0.487               0.488              0.174
  Per-factor: prop_low
1                0.154
2                0.189
3                0.208
4                0.229
5                0.280
6                0.347
7                0.361
8                0.369


--- GAIN: BEST PER-FACTOR vs GLOBAL (per nF x ipf) ---

   nF ipf global best_pf      gain
1   4   3  0.105   0.111  0.006572
2   4   6  0.206   0.188 -0.018965
3   4  10  0.265   0.282  0.017088
4   6   3  0.188   0.182 -0.005603
5   6   6  0.209   0.215  0.005488
6   6  10  0.341   0.342  0.000924
7   8   3  0.156   0.163  0.007139
8   8   6  0.278   0.285  0.006853
9   8  10  0.392   0.393  0.000713
10 10   3  0.205   0.185 -0.019906
11 10   6  0.310   0.285 -0.024830
12 10  10  0.475   0.438 -0.037030
13 15   3  0.262   0.267  0.004942
14 15   6  0.363   0.356 -0.006690
15 15  10  0.492   0.477 -0.015256
16 20   3  0.259   0.235 -0.024933
17 20   6  0.513   0.490 -0.023903
18 20  10  0.648   0.620 -0.027291
19 25   3  0.264   0.261 -0.002864
20 25   6  0.521   0.494 -0.027202
21 25  10  0.657   0.634 -0.022837
22 30   3  0.281   0.278 -0.002939
23 30   6  0.536   0.525 -0.011254
24 30  10  0.669   0.684  0.015458


--- OVERALL WINNER ---

Best: Global EFA-D (MCC=0.358)
Global EFA-D: 0.358
Gain: +0.000 (0.0%)
