============================================================
COMPREHENSIVE REPORT: EFA-D vs Standard vs Weighted
Date: 2026-03-31
Total conditions: 360 | Runtime: 199.8 minutes
============================================================

DESIGN:
  nF: 4, 6, 8, 10, 15, 20, 25, 30
  ipf: 3, 6, 10
  N: 300 (fixed)
  pct_careless: 5%, 10%, 25
  Reps: 5 per cell
  Total items range: 12 - 300
  iterations: 50 per RR call


--- 1. OVERALL MEANS ---

Standard (coupled, corProp=0.03): 0.303
Weighted (all pairs, |r| wt):     0.286
EFA-D (within-factor + |r| wt):   0.347


--- 2. BY ITEM BIN ---

  item_bin   n   std    wt  efaD  best
1      <30  75 0.108 0.160 0.158    Wt
2    30-60 105 0.198 0.244 0.261 EFA-D
3   60-100  75 0.306 0.307 0.351 EFA-D
4  100-200  75 0.501 0.405 0.529 EFA-D
5     >200  30 0.656 0.393 0.653   Std


--- 3. BY nF ---

  nF   std    wt  efaD
1  4 0.119 0.178 0.190
2  6 0.169 0.225 0.237
3  8 0.207 0.243 0.256
4 10 0.251 0.293 0.310
5 15 0.335 0.317 0.377
6 20 0.403 0.358 0.444
7 25 0.451 0.347 0.478
8 30 0.488 0.324 0.484


--- 4. BY nF x ipf (EFA-D MCC) ---

   nF ipf total_items    std    wt  efaD nF_det
1   4   3          12 0.0896 0.130 0.124   2.87
2   6   3          18 0.1077 0.144 0.139   3.93
3   4   6          24 0.1099 0.187 0.192   3.27
4   8   3          24 0.1143 0.153 0.159   5.00
5  10   3          30 0.1173 0.188 0.178   6.27
6   6   6          36 0.1511 0.226 0.235   4.60
7   4  10          40 0.1575 0.219 0.254   3.47
8  15   3          45 0.1565 0.201 0.205   8.47
9   8   6          48 0.1964 0.255 0.248   5.80
10  6  10          60 0.2479 0.305 0.337   4.80
11 10   6          60 0.2504 0.274 0.301   7.60
12 20   3          60 0.2256 0.231 0.246  10.87
13 25   3          75 0.2376 0.249 0.266  12.27
14  8  10          80 0.3106 0.321 0.359   6.20
15 15   6          90 0.3302 0.324 0.402  10.60
16 30   3          90 0.2671 0.224 0.278  14.40
17 10  10         100 0.3857 0.416 0.451   7.53
18 20   6         120 0.4079 0.387 0.499  13.73
19 15  10         150 0.5172 0.426 0.524  11.53
20 25   6         150 0.4677 0.371 0.514  16.93
21 30   6         180 0.5341 0.383 0.522  19.60
22 20  10         200 0.5761 0.457 0.587  15.20
23 25  10         250 0.6484 0.421 0.654  18.40
24 30  10         300 0.6630 0.365 0.652  21.60


--- 5. EFA-D vs BEST OTHER ---

EFA-D wins over best(Std,Wt): 55.0% of cells
Mean advantage when EFA-D wins: +0.050
Mean disadvantage when EFA-D loses: -0.046

By item bin:
  item_bin pct_efaD_wins mean_adv
1      <30          38.7 -0.00718
2    30-60          57.1  0.00450
3   60-100          69.3  0.01885
4  100-200          58.7  0.01726
5     >200          43.3 -0.00307


--- 6. PARALLEL ANALYSIS ACCURACY ---

nF detected vs true:
  nF mean_det sd_det ratio
1  4      3.2   0.63  0.80
2  6      4.4   0.84  0.74
3  8      5.7   0.95  0.71
4 10      7.1   1.20  0.71
5 15     10.2   1.60  0.68
6 20     13.3   2.44  0.66
7 25     15.9   3.22  0.63
8 30     18.5   3.53  0.62

Overall mean ratio (detected/true): 0.69


--- 7. WINNER MAP (nF x ipf) ---

   nF ipf    std    wt  efaD   winner  margin
1   4   3 0.0896 0.130 0.124 Weighted 0.00567
2   4   6 0.1099 0.187 0.192    EFA-D 0.00537
3   4  10 0.1575 0.219 0.254    EFA-D 0.03558
4   6   3 0.1077 0.144 0.139 Weighted 0.00519
5   6   6 0.1511 0.226 0.235    EFA-D 0.00905
6   6  10 0.2479 0.305 0.337    EFA-D 0.03200
7   8   3 0.1143 0.153 0.159    EFA-D 0.00668
8   8   6 0.1964 0.255 0.248 Weighted 0.00747
9   8  10 0.3106 0.321 0.359    EFA-D 0.03800
10 10   3 0.1173 0.188 0.178 Weighted 0.00999
11 10   6 0.2504 0.274 0.301    EFA-D 0.02718
12 10  10 0.3857 0.416 0.451    EFA-D 0.03506
13 15   3 0.1565 0.201 0.205    EFA-D 0.00373
14 15   6 0.3302 0.324 0.402    EFA-D 0.07135
15 15  10 0.5172 0.426 0.524    EFA-D 0.00627
16 20   3 0.2256 0.231 0.246    EFA-D 0.01565
17 20   6 0.4079 0.387 0.499    EFA-D 0.09140
18 20  10 0.5761 0.457 0.587    EFA-D 0.01085
19 25   3 0.2376 0.249 0.266    EFA-D 0.01759
20 25   6 0.4677 0.371 0.514    EFA-D 0.04671
21 25  10 0.6484 0.421 0.654    EFA-D 0.00522
22 30   3 0.2671 0.224 0.278    EFA-D 0.01112
23 30   6 0.5341 0.383 0.522 Standard 0.01180
24 30  10 0.6630 0.365 0.652 Standard 0.01136


--- 8. BY pct_careless ---

   pct   std    wt  efaD
1 0.05 0.263 0.256 0.309
2 0.10 0.297 0.283 0.341
3 0.25 0.348 0.317 0.391


============================================================
KEY FINDING:
============================================================

EFA-D is the best overall method (MCC=0.347 vs Std=0.303, Wt=0.286)
EFA-D wins 55.0% of individual cells vs best alternative
