================================================================================
CALIBRATION REPORT: nF x ipf -> optimal z_threshold
Generated: 2026-03-27 16:39:29.479213
================================================================================

Total RR calls: 1800
Runtime: 35.5 minutes
Reps per cell: 30
Fixed: n=300, pct=10%, corProp=0.03

--- LOOKUP TABLE ---
  nF  ipf total | z_mean  z_med  z_sd |  MCC_m MCC_sd
   4    3    12 |   1.05    0.9  0.72 |  0.073  0.029
   4    4    16 |   1.22    1.2  0.65 |  0.086  0.028
   4    6    24 |   0.84    0.7  0.53 |  0.108  0.034
   4    8    32 |   1.01    0.9  0.66 |  0.125  0.037
   4   10    40 |   0.97    0.9  0.61 |  0.137  0.042
   4   12    48 |   0.83    0.7  0.57 |  0.172  0.044
   6    3    18 |   1.11    0.9  0.71 |  0.092  0.030
   6    4    24 |   0.96    0.8  0.65 |  0.104  0.029
   6    6    36 |   1.05    1.0  0.70 |  0.119  0.025
   6    8    48 |   1.01    0.8  0.76 |  0.176  0.045
   6   10    60 |   0.74    0.7  0.49 |  0.213  0.041
   6   12    72 |   0.80    0.8  0.57 |  0.253  0.062
   8    3    24 |   0.98    0.8  0.74 |  0.102  0.036
   8    4    32 |   0.93    1.0  0.66 |  0.133  0.041
   8    6    48 |   0.95    1.0  0.55 |  0.183  0.039
   8    8    64 |   0.70    0.6  0.50 |  0.243  0.054
   8   10    80 |   0.69    0.6  0.55 |  0.311  0.050
   8   12    96 |   0.68    0.6  0.42 |  0.371  0.071
  10    3    30 |   1.12    1.0  0.72 |  0.096  0.031
  10    4    40 |   0.88    0.9  0.56 |  0.147  0.041
  10    6    60 |   0.66    0.5  0.52 |  0.230  0.035
  10    8    80 |   0.66    0.5  0.56 |  0.315  0.051
  10   10   100 |   0.70    0.8  0.38 |  0.405  0.068
  10   12   120 |   0.67    0.6  0.44 |  0.478  0.075
  12    3    36 |   1.04    0.9  0.66 |  0.126  0.043
  12    4    48 |   0.96    0.8  0.66 |  0.171  0.038
  12    6    72 |   0.63    0.5  0.54 |  0.303  0.061
  12    8    96 |   0.76    0.8  0.39 |  0.390  0.066
  12   10   120 |   0.60    0.6  0.40 |  0.487  0.074
  12   12   144 |   0.69    0.6  0.43 |  0.542  0.082
  15    3    45 |   0.65    0.5  0.50 |  0.164  0.030
  15    4    60 |   0.72    0.6  0.49 |  0.222  0.050
  15    6    90 |   0.53    0.4  0.34 |  0.363  0.062
  15    8   120 |   0.59    0.5  0.38 |  0.494  0.078
  15   10   150 |   0.65    0.6  0.49 |  0.615  0.063
  15   12   180 |   1.09    1.0  0.53 |  0.665  0.075
  18    3    54 |   0.56    0.4  0.48 |  0.185  0.038
  18    4    72 |   0.65    0.5  0.43 |  0.255  0.058
  18    6   108 |   0.57    0.5  0.36 |  0.452  0.071
  18    8   144 |   0.78    0.8  0.52 |  0.589  0.073
  18   10   180 |   0.90    0.9  0.38 |  0.704  0.087
  18   12   216 |   1.42    1.5  0.52 |  0.752  0.083
  20    3    60 |   0.72    0.6  0.61 |  0.190  0.046
  20    4    80 |   0.50    0.4  0.42 |  0.314  0.072
  20    6   120 |   0.50    0.4  0.32 |  0.495  0.072
  20    8   160 |   0.78    0.8  0.41 |  0.639  0.104
  20   10   200 |   1.23    1.4  0.54 |  0.706  0.079
  20   12   240 |   1.77    1.8  0.48 |  0.784  0.058
  25    3    75 |   0.73    0.7  0.65 |  0.238  0.050
  25    4   100 |   0.43    0.3  0.38 |  0.372  0.061
  25    6   150 |   0.68    0.6  0.42 |  0.573  0.071
  25    8   200 |   1.31    1.2  0.59 |  0.706  0.067
  25   10   250 |   1.94    2.0  0.47 |  0.762  0.059
  25   12   300 |   2.30    2.3  0.39 |  0.815  0.064
  30    3    90 |   0.56    0.6  0.39 |  0.265  0.056
  30    4   120 |   0.50    0.4  0.42 |  0.419  0.082
  30    6   180 |   1.03    0.9  0.58 |  0.635  0.086
  30    8   240 |   1.87    1.9  0.54 |  0.749  0.088
  30   10   300 |   2.52    2.5  0.31 |  0.818  0.048
  30   12   360 |   2.78    2.8  0.17 |  0.838  0.049

--- KEY FINDINGS ---

Correlation(total_items, optimal_z) = 0.690
Linear model: z = 0.261 + 0.0203*nF + 0.0546*ipf (R2=0.245)
Simple model: z = 0.505 + 0.0042*total_items (R2=0.476)

--- FIXED z=1.5 vs AUTO-z COMPARISON ---
total |    z=1.5 |   auto-z |   oracle |  gain
   12 |    0.028 |    0.034 |    0.073 | +0.007
   16 |    0.053 |    0.051 |    0.086 | -0.002
   18 |    0.051 |    0.052 |    0.092 | +0.001
   24 |    0.067 |    0.079 |    0.105 | +0.011
   24 |    0.070 |    0.078 |    0.105 | +0.008
   24 |    0.064 |    0.066 |    0.105 | +0.002
   30 |    0.059 |    0.064 |    0.096 | +0.005
   32 |    0.096 |    0.093 |    0.129 | -0.003
   32 |    0.100 |    0.094 |    0.129 | -0.006
   36 |    0.087 |    0.092 |    0.123 | +0.005
   36 |    0.086 |    0.085 |    0.123 | -0.001
   40 |    0.113 |    0.118 |    0.142 | +0.005
   40 |    0.110 |    0.113 |    0.142 | +0.003
   45 |    0.121 |    0.133 |    0.164 | +0.011
   48 |    0.134 |    0.144 |    0.176 | +0.010
   48 |    0.139 |    0.147 |    0.176 | +0.007
   48 |    0.140 |    0.142 |    0.176 | +0.002
   48 |    0.154 |    0.156 |    0.176 | +0.002
   54 |    0.142 |    0.153 |    0.185 | +0.011
   60 |    0.186 |    0.202 |    0.214 | +0.017
   60 |    0.179 |    0.192 |    0.214 | +0.013
   60 |    0.144 |    0.153 |    0.214 | +0.009
   60 |    0.180 |    0.181 |    0.214 | +0.001
   64 |    0.203 |    0.217 |    0.243 | +0.014
   72 |    0.241 |    0.269 |    0.270 | +0.029
   72 |    0.199 |    0.226 |    0.270 | +0.026
   72 |    0.213 |    0.223 |    0.270 | +0.010
   75 |    0.184 |    0.200 |    0.238 | +0.015
   80 |    0.266 |    0.288 |    0.313 | +0.022
   80 |    0.238 |    0.285 |    0.313 | +0.047
   80 |    0.268 |    0.283 |    0.313 | +0.016
   90 |    0.300 |    0.337 |    0.314 | +0.036
   90 |    0.195 |    0.235 |    0.314 | +0.039
   96 |    0.329 |    0.352 |    0.380 | +0.023
   96 |    0.319 |    0.341 |    0.380 | +0.022
  100 |    0.343 |    0.370 |    0.389 | +0.026
  100 |    0.290 |    0.343 |    0.389 | +0.053
  108 |    0.377 |    0.425 |    0.452 | +0.049
  120 |    0.413 |    0.438 |    0.475 | +0.025
  120 |    0.413 |    0.445 |    0.475 | +0.032
  120 |    0.426 |    0.455 |    0.475 | +0.030
  120 |    0.409 |    0.459 |    0.475 | +0.050
  120 |    0.327 |    0.388 |    0.475 | +0.061
  144 |    0.468 |    0.505 |    0.565 | +0.036
  144 |    0.509 |    0.548 |    0.565 | +0.039
  150 |    0.534 |    0.567 |    0.594 | +0.033
  150 |    0.480 |    0.523 |    0.594 | +0.043
  160 |    0.557 |    0.594 |    0.639 | +0.036
  180 |    0.608 |    0.621 |    0.668 | +0.013
  180 |    0.650 |    0.666 |    0.668 | +0.016
  180 |    0.569 |    0.586 |    0.668 | +0.017
  200 |    0.669 |    0.664 |    0.706 | -0.005
  200 |    0.648 |    0.657 |    0.706 | +0.009
  216 |    0.706 |    0.716 |    0.752 | +0.010
  240 |    0.733 |    0.739 |    0.767 | +0.005
  240 |    0.679 |    0.706 |    0.767 | +0.027
  250 |    0.687 |    0.722 |    0.762 | +0.034
  300 |    0.719 |    0.776 |    0.816 | +0.057
  300 |    0.658 |    0.787 |    0.816 | +0.129
  360 |    0.645 |    0.819 |    0.838 | +0.174

Overall: fixed=0.316, auto=0.340, oracle=0.380
Auto-z gain over fixed: +0.024 MCC
Oracle ceiling gap: 0.040 MCC
