=== SCALING: rate=0.15 careless + 0.15 distractors, 40 reps, n=600 ===
items  spearman | weighted-MCC per method: std high A B C D E
  30    0.44   | 0.46  0.56  0.48  0.44  0.45  0.49  0.43
  60    0.53   | 0.48  0.70  0.51  0.45  0.48  0.50  0.41
 120    0.57   | 0.56  0.77  0.53  0.52  0.57  0.58  0.39
 180    0.58   | 0.51  0.71  0.46  0.47  0.51  0.51  0.37
 240    0.58   | 0.46  0.70  0.43  0.42  0.48  0.47  0.37
 300    0.59   | 0.49  0.78  0.46  0.45  0.51  0.50  0.41

=== PREVALENCE: 120 items, vary true careless rate, +0.15 distractors, 40 reps ===
trueRate | weighted-MCC per method: std high A B C D E
   0.05  | 0.62  0.50  0.55  0.59  0.61  0.62  0.45
   0.10  | 0.62  0.63  0.55  0.58  0.61  0.63  0.37
   0.15  | 0.54  0.79  0.51  0.49  0.55  0.55  0.42
   0.20  | 0.48  0.70  0.47  0.45  0.48  0.49  0.42
   0.25  | 0.45  0.60  0.44  0.43  0.45  0.46  0.42
   0.30  | 0.45  0.54  0.45  0.43  0.46  0.46  0.41

wrote sim_v2_scale.csv, sim_v2_prev.csv
